1,-8.82140,39.73428,2014-11-13 19:36:12,0.0,0,-8.82140,39.73428,-8.82227,39.73462
1,-8.82166,39.73433,2014-11-13 19:36:15,9.86,0,-8.82140,39.73428,-8.82227,39.73462
1,-8.82183,39.73415,2014-11-13 19:36:36,1.33,0,-8.82140,39.73428,-8.82227,39.73462
1,-8.82200,39.73413,2014-11-13 19:36:46,1.64,0,-8.82140,39.73428,-8.82227,39.73462
1,-8.82203,39.73446,2014-11-13 19:37:25,0.97,0,-8.82140,39.73428,-8.82227,39.73462
1,-8.82226,39.73451,2014-11-13 19:37:59,0.69,0,-8.82140,39.73428,-8.82227,39.73462
1,-8.82236,39.73461,2014-11-13 19:38:44,0.29,0,-8.82140,39.73428,-8.82227,39.73462
1,-8.82227,39.73462,2014-11-13 19:39:39,0.12,0,-8.82140,39.73428,-8.82227,39.73462
1,-8.82209,39.73475,2014-11-13 19:44:18,0.0,2,-8.82209,39.73475,-8.80798,39.74526
1,-8.82240,39.73460,2014-11-13 19:44:22,6.59,2,-8.82209,39.73475,-8.80798,39.74526
1,-8.82265,39.73443,2014-11-13 19:44:30,2.82,2,-8.82209,39.73475,-8.80798,39.74526
1,-8.82289,39.73444,2014-11-13 19:44:36,3.39,2,-8.82209,39.73475,-8.80798,39.74526
1,-8.82304,39.73436,2014-11-13 19:44:42,2.84,2,-8.82209,39.73475,-8.80798,39.74526
1,-8.82308,39.73429,2014-11-13 19:45:01,0.27,2,-8.82209,39.73475,-8.80798,39.74526
1,-8.82321,39.73428,2014-11-13 19:45:06,3.5,2,-8.82209,39.73475,-8.80798,39.74526
1,-8.82340,39.73442,2014-11-13 19:45:11,5.94,2,-8.82209,39.73475,-8.80798,39.74526
1,-8.82353,39.73472,2014-11-13 19:45:16,7.9,2,-8.82209,39.73475,-8.80798,39.74526
1,-8.82351,39.73504,2014-11-13 19:45:20,9.61,2,-8.82209,39.73475,-8.80798,39.74526
1,-8.82335,39.73524,2014-11-13 19:45:23,9.2,2,-8.82209,39.73475,-8.80798,39.74526
1,-8.82222,39.73613,2014-11-13 19:45:34,12.27,2,-8.82209,39.73475,-8.80798,39.74526
1,-8.82111,39.73723,2014-11-13 19:45:49,9.85,2,-8.82209,39.73475,-8.80798,39.74526
1,-8.82058,39.73774,2014-11-13 19:45:55,13.11,2,-8.82209,39.73475,-8.80798,39.74526
1,-8.82001,39.73822,2014-11-13 19:46:00,14.45,2,-8.82209,39.73475,-8.80798,39.74526
1,-8.81912,39.73858,2014-11-13 19:46:06,14.27,2,-8.82209,39.73475,-8.80798,39.74526
1,-8.81840,39.73881,2014-11-13 19:46:12,10.09,2,-8.82209,39.73475,-8.80798,39.74526
1,-8.81786,39.73887,2014-11-13 19:46:19,5.42,2,-8.82209,39.73475,-8.80798,39.74526
1,-8.81761,39.73902,2014-11-13 19:46:23,6.2,2,-8.82209,39.73475,-8.80798,39.74526
1,-8.81763,39.73921,2014-11-13 19:46:26,8.09,2,-8.82209,39.73475,-8.80798,39.74526
1,-8.81773,39.73934,2014-11-13 19:46:29,4.16,2,-8.82209,39.73475,-8.80798,39.74526
1,-8.81797,39.73940,2014-11-13 19:46:33,5.39,2,-8.82209,39.73475,-8.80798,39.74526
1,-8.81883,39.73940,2014-11-13 19:46:39,12.6,2,-8.82209,39.73475,-8.80798,39.74526
1,-8.81921,39.73939,2014-11-13 19:46:42,9.42,2,-8.82209,39.73475,-8.80798,39.74526
1,-8.81945,39.73948,2014-11-13 19:46:45,7.59,2,-8.82209,39.73475,-8.80798,39.74526
1,-8.81953,39.73970,2014-11-13 19:46:48,8.87,2,-8.82209,39.73475,-8.80798,39.74526
1,-8.81938,39.74023,2014-11-13 19:46:53,13.43,2,-8.82209,39.73475,-8.80798,39.74526
1,-8.81924,39.74090,2014-11-13 19:46:58,15.37,2,-8.82209,39.73475,-8.80798,39.74526
1,-8.81916,39.74240,2014-11-13 19:47:07,18.16,2,-8.82209,39.73475,-8.80798,39.74526
1,-8.81913,39.74319,2014-11-13 19:47:12,17.45,2,-8.82209,39.73475,-8.80798,39.74526
1,-8.81902,39.74413,2014-11-13 19:47:19,14.96,2,-8.82209,39.73475,-8.80798,39.74526
1,-8.81890,39.74462,2014-11-13 19:47:25,9.47,2,-8.82209,39.73475,-8.80798,39.74526
1,-8.81872,39.74494,2014-11-13 19:47:29,10.36,2,-8.82209,39.73475,-8.80798,39.74526
1,-8.81826,39.74526,2014-11-13 19:47:34,10.87,2,-8.82209,39.73475,-8.80798,39.74526
1,-8.81781,39.74573,2014-11-13 19:47:43,6.58,2,-8.82209,39.73475,-8.80798,39.74526
1,-8.81659,39.74619,2014-11-13 19:47:57,9.52,2,-8.82209,39.73475,-8.80798,39.74526
1,-8.81623,39.74629,2014-11-13 19:48:01,7.11,2,-8.82209,39.73475,-8.80798,39.74526
1,-8.81589,39.74624,2014-11-13 19:48:08,2.72,2,-8.82209,39.73475,-8.80798,39.74526
1,-8.81576,39.74628,2014-11-13 19:48:14,2.85,2,-8.82209,39.73475,-8.80798,39.74526
1,-8.81552,39.74633,2014-11-13 19:48:18,5.82,2,-8.82209,39.73475,-8.80798,39.74526
1,-8.81534,39.74683,2014-11-13 19:48:29,6.35,2,-8.82209,39.73475,-8.80798,39.74526
1,-8.81487,39.74714,2014-11-13 19:48:36,7.83,2,-8.82209,39.73475,-8.80798,39.74526
1,-8.81445,39.74730,2014-11-13 19:48:43,5.34,2,-8.82209,39.73475,-8.80798,39.74526
1,-8.81399,39.74743,2014-11-13 19:48:49,5.67,2,-8.82209,39.73475,-8.80798,39.74526
1,-8.81271,39.74750,2014-11-13 19:49:01,8.06,2,-8.82209,39.73475,-8.80798,39.74526
1,-8.81217,39.74760,2014-11-13 19:49:06,9.8,2,-8.82209,39.73475,-8.80798,39.74526
1,-8.81112,39.74808,2014-11-13 19:49:17,9.9,2,-8.82209,39.73475,-8.80798,39.74526
1,-8.80987,39.74849,2014-11-13 19:49:31,6.75,2,-8.82209,39.73475,-8.80798,39.74526
1,-8.80961,39.74872,2014-11-13 19:49:35,9.9,2,-8.82209,39.73475,-8.80798,39.74526
1,-8.80898,39.74889,2014-11-13 19:49:39,13.02,2,-8.82209,39.73475,-8.80798,39.74526
1,-8.80836,39.74909,2014-11-13 19:49:44,10.25,2,-8.82209,39.73475,-8.80798,39.74526
1,-8.80778,39.74919,2014-11-13 19:49:51,7.7,2,-8.82209,39.73475,-8.80798,39.74526
1,-8.80757,39.74916,2014-11-13 19:50:02,2.04,2,-8.82209,39.73475,-8.80798,39.74526
1,-8.80741,39.74914,2014-11-13 19:50:06,5.28,2,-8.82209,39.73475,-8.80798,39.74526
1,-8.80697,39.74900,2014-11-13 19:50:12,7.12,2,-8.82209,39.73475,-8.80798,39.74526
1,-8.80573,39.74853,2014-11-13 19:50:24,10.27,2,-8.82209,39.73475,-8.80798,39.74526
1,-8.80547,39.74841,2014-11-13 19:50:27,5.97,2,-8.82209,39.73475,-8.80798,39.74526
1,-8.80530,39.74834,2014-11-13 19:50:31,3.57,2,-8.82209,39.73475,-8.80798,39.74526
1,-8.80531,39.74823,2014-11-13 19:50:36,1.6,2,-8.82209,39.73475,-8.80798,39.74526
1,-8.80543,39.74832,2014-11-13 19:50:47,0.55,2,-8.82209,39.73475,-8.80798,39.74526
1,-8.80539,39.74827,2014-11-13 19:50:52,2.15,2,-8.82209,39.73475,-8.80798,39.74526
1,-8.80531,39.74814,2014-11-13 19:50:56,4.8,2,-8.82209,39.73475,-8.80798,39.74526
1,-8.80531,39.74741,2014-11-13 19:51:07,7.95,2,-8.82209,39.73475,-8.80798,39.74526
1,-8.80537,39.74711,2014-11-13 19:51:14,5.67,2,-8.82209,39.73475,-8.80798,39.74526
1,-8.80539,39.74680,2014-11-13 19:51:19,6.82,2,-8.82209,39.73475,-8.80798,39.74526
1,-8.80583,39.74623,2014-11-13 19:51:27,9.34,2,-8.82209,39.73475,-8.80798,39.74526
1,-8.80595,39.74606,2014-11-13 19:51:31,4.54,2,-8.82209,39.73475,-8.80798,39.74526
1,-8.80601,39.74590,2014-11-13 19:51:36,2.8,2,-8.82209,39.73475,-8.80798,39.74526
1,-8.80589,39.74581,2014-11-13 19:51:50,1.35,2,-8.82209,39.73475,-8.80798,39.74526
1,-8.80591,39.74577,2014-11-13 19:53:41,0.07,2,-8.82209,39.73475,-8.80798,39.74526
1,-8.80599,39.74576,2014-11-13 19:54:15,0.13,2,-8.82209,39.73475,-8.80798,39.74526
1,-8.80617,39.74552,2014-11-13 19:54:49,0.7,2,-8.82209,39.73475,-8.80798,39.74526
1,-8.80613,39.74551,2014-11-13 19:56:28,0.01,2,-8.82209,39.73475,-8.80798,39.74526
1,-8.80632,39.74521,2014-11-13 19:57:00,1.12,2,-8.82209,39.73475,-8.80798,39.74526
1,-8.80664,39.74516,2014-11-13 19:57:20,1.46,2,-8.82209,39.73475,-8.80798,39.74526
1,-8.80666,39.74517,2014-11-13 19:58:58,0.04,2,-8.82209,39.73475,-8.80798,39.74526
1,-8.80745,39.74449,2014-11-13 20:00:38,0.64,2,-8.82209,39.73475,-8.80798,39.74526
1,-8.80765,39.74468,2014-11-13 20:00:59,1.34,2,-8.82209,39.73475,-8.80798,39.74526
1,-8.80781,39.74465,2014-11-13 20:01:21,0.51,2,-8.82209,39.73475,-8.80798,39.74526
1,-8.80781,39.74464,2014-11-13 20:03:02,0.07,2,-8.82209,39.73475,-8.80798,39.74526
1,-8.80781,39.74492,2014-11-13 20:03:35,0.84,2,-8.82209,39.73475,-8.80798,39.74526
1,-8.80803,39.74505,2014-11-13 20:03:56,1.48,2,-8.82209,39.73475,-8.80798,39.74526
1,-8.80798,39.74526,2014-11-13 20:04:14,0.61,2,-8.82209,39.73475,-8.80798,39.74526
1,-8.80794,39.74517,2014-11-13 20:07:12,0.0,3,-8.80794,39.74517,-8.80931,39.74676
1,-8.80801,39.74524,2014-11-13 20:08:00,0.21,3,-8.80794,39.74517,-8.80931,39.74676
1,-8.80784,39.74562,2014-11-13 20:08:38,1.3,3,-8.80794,39.74517,-8.80931,39.74676
1,-8.80787,39.74572,2014-11-13 20:08:48,0.72,3,-8.80794,39.74517,-8.80931,39.74676
1,-8.80779,39.74571,2014-11-13 20:10:13,0.11,3,-8.80794,39.74517,-8.80931,39.74676
1,-8.80739,39.74592,2014-11-13 20:10:55,1.13,3,-8.80794,39.74517,-8.80931,39.74676
1,-8.80746,39.74621,2014-11-13 20:11:33,0.79,3,-8.80794,39.74517,-8.80931,39.74676
1,-8.80725,39.74625,2014-11-13 20:11:54,0.64,3,-8.80794,39.74517,-8.80931,39.74676
1,-8.80729,39.74637,2014-11-13 20:12:50,0.2,3,-8.80794,39.74517,-8.80931,39.74676
1,-8.80789,39.74641,2014-11-13 20:13:47,0.95,3,-8.80794,39.74517,-8.80931,39.74676
1,-8.80810,39.74641,2014-11-13 20:14:10,1.08,3,-8.80794,39.74517,-8.80931,39.74676
1,-8.80829,39.74642,2014-11-13 20:14:49,0.95,3,-8.80794,39.74517,-8.80931,39.74676
1,-8.80830,39.74644,2014-11-13 20:15:33,0.05,3,-8.80794,39.74517,-8.80931,39.74676
1,-8.80782,39.74645,2014-11-13 20:16:25,0.23,3,-8.80794,39.74517,-8.80931,39.74676
1,-8.80768,39.74657,2014-11-13 20:16:38,1.52,3,-8.80794,39.74517,-8.80931,39.74676
1,-8.80777,39.74678,2014-11-13 20:16:52,1.94,3,-8.80794,39.74517,-8.80931,39.74676
1,-8.80766,39.74700,2014-11-13 20:17:37,0.85,3,-8.80794,39.74517,-8.80931,39.74676
1,-8.80762,39.74715,2014-11-13 20:18:06,0.7,3,-8.80794,39.74517,-8.80931,39.74676
1,-8.80766,39.74718,2014-11-13 20:20:19,0.03,3,-8.80794,39.74517,-8.80931,39.74676
1,-8.80826,39.74725,2014-11-13 20:21:30,0.56,3,-8.80794,39.74517,-8.80931,39.74676
1,-8.80852,39.74748,2014-11-13 20:22:11,1.12,3,-8.80794,39.74517,-8.80931,39.74676
1,-8.80871,39.74760,2014-11-13 20:23:07,0.07,3,-8.80794,39.74517,-8.80931,39.74676
1,-8.80893,39.74748,2014-11-13 20:23:57,0.35,3,-8.80794,39.74517,-8.80931,39.74676
1,-8.80894,39.74731,2014-11-13 20:24:24,1.45,3,-8.80794,39.74517,-8.80931,39.74676
1,-8.80889,39.74723,2014-11-13 20:25:19,0.04,3,-8.80794,39.74517,-8.80931,39.74676
1,-8.80895,39.74689,2014-11-13 20:25:38,2.69,3,-8.80794,39.74517,-8.80931,39.74676
1,-8.80935,39.74680,2014-11-13 20:26:36,0.58,3,-8.80794,39.74517,-8.80931,39.74676
1,-8.80938,39.74674,2014-11-13 20:27:54,0.2,3,-8.80794,39.74517,-8.80931,39.74676
1,-8.80938,39.74675,2014-11-13 20:28:05,0.61,3,-8.80794,39.74517,-8.80931,39.74676
1,-8.80941,39.74691,2014-11-13 20:28:10,2.82,3,-8.80794,39.74517,-8.80931,39.74676
1,-8.80925,39.74665,2014-11-13 20:28:26,2.87,3,-8.80794,39.74517,-8.80931,39.74676
1,-8.80908,39.74638,2014-11-13 20:28:56,0.96,3,-8.80794,39.74517,-8.80931,39.74676
1,-8.80924,39.74675,2014-11-13 20:28:58,21.74,3,-8.80794,39.74517,-8.80931,39.74676
1,-8.80914,39.74664,2014-11-13 20:29:18,0.65,3,-8.80794,39.74517,-8.80931,39.74676
1,-8.80922,39.74666,2014-11-13 20:29:49,0.19,3,-8.80794,39.74517,-8.80931,39.74676
1,-8.80922,39.74664,2014-11-13 20:29:59,0.22,3,-8.80794,39.74517,-8.80931,39.74676
1,-8.80886,39.74656,2014-11-13 20:30:07,6.04,3,-8.80794,39.74517,-8.80931,39.74676
1,-8.80875,39.74652,2014-11-13 20:30:09,4.42,3,-8.80794,39.74517,-8.80931,39.74676
1,-8.80904,39.74664,2014-11-13 20:30:11,13.75,3,-8.80794,39.74517,-8.80931,39.74676
1,-8.80925,39.74671,2014-11-13 20:30:15,3.21,3,-8.80794,39.74517,-8.80931,39.74676
1,-8.80918,39.74664,2014-11-13 20:31:29,0.21,3,-8.80794,39.74517,-8.80931,39.74676
1,-8.80928,39.74677,2014-11-13 20:31:54,2.57,3,-8.80794,39.74517,-8.80931,39.74676
1,-8.80919,39.74678,2014-11-13 20:33:46,0.75,3,-8.80794,39.74517,-8.80931,39.74676
1,-8.80940,39.74677,2014-11-13 20:34:13,0.84,3,-8.80794,39.74517,-8.80931,39.74676
1,-8.80933,39.74690,2014-11-13 20:34:29,0.99,3,-8.80794,39.74517,-8.80931,39.74676
1,-8.80941,39.74681,2014-11-13 20:34:59,1.21,3,-8.80794,39.74517,-8.80931,39.74676
1,-8.80930,39.74668,2014-11-13 20:35:06,2.19,3,-8.80794,39.74517,-8.80931,39.74676
1,-8.80930,39.74673,2014-11-13 20:35:13,1.02,3,-8.80794,39.74517,-8.80931,39.74676
1,-8.80937,39.74672,2014-11-13 20:35:18,2.85,3,-8.80794,39.74517,-8.80931,39.74676
1,-8.80980,39.74684,2014-11-13 20:35:27,6.81,3,-8.80794,39.74517,-8.80931,39.74676
1,-8.80990,39.74688,2014-11-13 20:35:29,3.71,3,-8.80794,39.74517,-8.80931,39.74676
1,-8.80992,39.74690,2014-11-13 20:35:31,1.46,3,-8.80794,39.74517,-8.80931,39.74676
1,-8.80963,39.74684,2014-11-13 20:35:35,9.46,3,-8.80794,39.74517,-8.80931,39.74676
1,-8.80956,39.74683,2014-11-13 20:35:37,3.37,3,-8.80794,39.74517,-8.80931,39.74676
1,-8.80975,39.74690,2014-11-13 20:35:40,5.02,3,-8.80794,39.74517,-8.80931,39.74676
1,-8.80979,39.74691,2014-11-13 20:35:44,0.51,3,-8.80794,39.74517,-8.80931,39.74676
1,-8.80950,39.74683,2014-11-13 20:35:48,6.68,3,-8.80794,39.74517,-8.80931,39.74676
1,-8.80940,39.74675,2014-11-13 20:35:52,1.69,3,-8.80794,39.74517,-8.80931,39.74676
1,-8.80950,39.74675,2014-11-13 20:36:02,0.57,3,-8.80794,39.74517,-8.80931,39.74676
1,-8.80925,39.74653,2014-11-13 20:36:18,1.82,3,-8.80794,39.74517,-8.80931,39.74676
1,-8.80917,39.74653,2014-11-13 20:36:30,0.79,3,-8.80794,39.74517,-8.80931,39.74676
1,-8.80928,39.74662,2014-11-13 20:36:38,2.1,3,-8.80794,39.74517,-8.80931,39.74676
1,-8.80922,39.74655,2014-11-13 20:36:57,0.6,3,-8.80794,39.74517,-8.80931,39.74676
1,-8.80941,39.74656,2014-11-13 20:37:27,0.33,3,-8.80794,39.74517,-8.80931,39.74676
1,-8.80949,39.74668,2014-11-13 20:37:35,1.53,3,-8.80794,39.74517,-8.80931,39.74676
1,-8.80938,39.74651,2014-11-13 20:38:04,1.38,3,-8.80794,39.74517,-8.80931,39.74676
1,-8.80957,39.74652,2014-11-13 20:38:35,1.53,3,-8.80794,39.74517,-8.80931,39.74676
1,-8.80948,39.74656,2014-11-13 20:38:58,0.79,3,-8.80794,39.74517,-8.80931,39.74676
1,-8.80959,39.74645,2014-11-13 20:39:50,0.37,3,-8.80794,39.74517,-8.80931,39.74676
1,-8.80926,39.74661,2014-11-13 20:40:11,3.09,3,-8.80794,39.74517,-8.80931,39.74676
1,-8.80927,39.74670,2014-11-13 20:40:26,0.8,3,-8.80794,39.74517,-8.80931,39.74676
1,-8.80945,39.74649,2014-11-13 20:40:51,2.86,3,-8.80794,39.74517,-8.80931,39.74676
1,-8.80931,39.74653,2014-11-13 20:41:03,2.44,3,-8.80794,39.74517,-8.80931,39.74676
1,-8.80935,39.74672,2014-11-13 20:41:06,8.87,3,-8.80794,39.74517,-8.80931,39.74676
1,-8.80936,39.74687,2014-11-13 20:41:09,4.13,3,-8.80794,39.74517,-8.80931,39.74676
1,-8.80931,39.74676,2014-11-13 20:42:01,0.81,3,-8.80794,39.74517,-8.80931,39.74676
2,-7.16543,38.87962,2017-01-02 09:24:21,0.0,5,-7.16543,38.87962,-9.13734,38.73800
2,-7.16559,38.87960,2017-01-02 09:24:23,6.2,5,-7.16543,38.87962,-9.13734,38.73800
2,-7.16574,38.87969,2017-01-02 09:24:44,0.91,5,-7.16543,38.87962,-9.13734,38.73800
2,-7.16573,38.87975,2017-01-02 09:24:49,1.54,5,-7.16543,38.87962,-9.13734,38.73800
2,-7.16572,38.87980,2017-01-02 09:24:53,1.25,5,-7.16543,38.87962,-9.13734,38.73800
2,-7.16578,38.87955,2017-01-02 09:25:00,5.84,5,-7.16543,38.87962,-9.13734,38.73800
2,-7.16558,38.87961,2017-01-02 09:25:18,2.99,5,-7.16543,38.87962,-9.13734,38.73800
2,-7.16579,38.87965,2017-01-02 09:25:28,2.92,5,-7.16543,38.87962,-9.13734,38.73800
2,-7.16563,38.87971,2017-01-02 09:25:45,0.78,5,-7.16543,38.87962,-9.13734,38.73800
2,-7.16551,38.87971,2017-01-02 09:26:04,0.98,5,-7.16543,38.87962,-9.13734,38.73800
2,-7.16573,38.87971,2017-01-02 09:26:16,1.32,5,-7.16543,38.87962,-9.13734,38.73800
2,-7.16592,38.87945,2017-01-02 09:26:29,3.34,5,-7.16543,38.87962,-9.13734,38.73800
2,-7.16581,38.87956,2017-01-02 09:26:30,14.81,5,-7.16543,38.87962,-9.13734,38.73800
2,-7.16573,38.87967,2017-01-02 09:26:36,2.07,5,-7.16543,38.87962,-9.13734,38.73800
2,-7.16582,38.87972,2017-01-02 09:26:58,0.29,5,-7.16543,38.87962,-9.13734,38.73800
2,-7.16569,38.87969,2017-01-02 09:27:14,0.95,5,-7.16543,38.87962,-9.13734,38.73800
2,-7.16567,38.87968,2017-01-02 09:27:19,0.24,5,-7.16543,38.87962,-9.13734,38.73800
2,-7.16587,38.87969,2017-01-02 09:27:23,4.43,5,-7.16543,38.87962,-9.13734,38.73800
2,-7.16594,38.87977,2017-01-02 09:27:32,0.82,5,-7.16543,38.87962,-9.13734,38.73800
2,-7.16575,38.87964,2017-01-02 09:27:48,1.68,5,-7.16543,38.87962,-9.13734,38.73800
2,-7.16582,38.87954,2017-01-02 09:27:54,1.22,5,-7.16543,38.87962,-9.13734,38.73800
2,-7.16579,38.87958,2017-01-02 09:28:29,0.19,5,-7.16543,38.87962,-9.13734,38.73800
2,-7.16565,38.87961,2017-01-02 09:28:37,2.05,5,-7.16543,38.87962,-9.13734,38.73800
2,-7.16554,38.87963,2017-01-02 09:28:43,1.43,5,-7.16543,38.87962,-9.13734,38.73800
2,-7.16548,38.87965,2017-01-02 09:28:48,1.17,5,-7.16543,38.87962,-9.13734,38.73800
2,-7.16560,38.87988,2017-01-02 09:28:58,3.17,5,-7.16543,38.87962,-9.13734,38.73800
2,-7.16572,38.87977,2017-01-02 09:29:02,3.08,5,-7.16543,38.87962,-9.13734,38.73800
2,-7.16581,38.87962,2017-01-02 09:29:14,0.77,5,-7.16543,38.87962,-9.13734,38.73800
2,-7.16585,38.87972,2017-01-02 09:29:39,0.22,5,-7.16543,38.87962,-9.13734,38.73800
2,-7.16575,38.87969,2017-01-02 09:31:52,0.29,5,-7.16543,38.87962,-9.13734,38.73800
2,-7.16585,38.87966,2017-01-02 09:32:12,0.22,5,-7.16543,38.87962,-9.13734,38.73800
2,-7.16592,38.87963,2017-01-02 09:32:18,2.63,5,-7.16543,38.87962,-9.13734,38.73800
2,-7.16652,38.87941,2017-01-02 09:32:30,4.96,5,-7.16543,38.87962,-9.13734,38.73800
2,-7.16678,38.87933,2017-01-02 09:32:37,2.89,5,-7.16543,38.87962,-9.13734,38.73800
2,-7.16680,38.87925,2017-01-02 09:32:40,4.17,5,-7.16543,38.87962,-9.13734,38.73800
2,-7.16632,38.87882,2017-01-02 09:32:49,7.18,5,-7.16543,38.87962,-9.13734,38.73800
2,-7.16616,38.87866,2017-01-02 09:32:53,4.84,5,-7.16543,38.87962,-9.13734,38.73800
2,-7.16619,38.87854,2017-01-02 09:33:00,1.9,5,-7.16543,38.87962,-9.13734,38.73800
2,-7.16634,38.87838,2017-01-02 09:33:05,5.43,5,-7.16543,38.87962,-9.13734,38.73800
2,-7.16657,38.87827,2017-01-02 09:33:09,6.07,5,-7.16543,38.87962,-9.13734,38.73800
2,-7.16789,38.87832,2017-01-02 09:33:23,8.38,5,-7.16543,38.87962,-9.13734,38.73800
2,-7.16818,38.87829,2017-01-02 09:33:26,7.69,5,-7.16543,38.87962,-9.13734,38.73800
2,-7.16834,38.87825,2017-01-02 09:33:29,3.59,5,-7.16543,38.87962,-9.13734,38.73800
2,-7.16829,38.87822,2017-01-02 09:34:08,0.42,5,-7.16543,38.87962,-9.13734,38.73800
2,-7.16832,38.87821,2017-01-02 09:34:15,1.44,5,-7.16543,38.87962,-9.13734,38.73800
2,-7.16841,38.87806,2017-01-02 09:34:19,6.31,5,-7.16543,38.87962,-9.13734,38.73800
2,-7.16856,38.87751,2017-01-02 09:34:26,8.88,5,-7.16543,38.87962,-9.13734,38.73800
2,-7.16863,38.87731,2017-01-02 09:34:29,6.76,5,-7.16543,38.87962,-9.13734,38.73800
2,-7.16881,38.87720,2017-01-02 09:34:32,7.01,5,-7.16543,38.87962,-9.13734,38.73800
2,-7.16957,38.87730,2017-01-02 09:34:40,8.81,5,-7.16543,38.87962,-9.13734,38.73800
2,-7.17148,38.87766,2017-01-02 09:34:56,10.94,5,-7.16543,38.87962,-9.13734,38.73800
2,-7.17244,38.87784,2017-01-02 09:35:05,9.29,5,-7.16543,38.87962,-9.13734,38.73800
2,-7.17286,38.87786,2017-01-02 09:35:09,8.58,5,-7.16543,38.87962,-9.13734,38.73800
2,-7.17317,38.87762,2017-01-02 09:35:15,6.51,5,-7.16543,38.87962,-9.13734,38.73800
2,-7.17390,38.87712,2017-01-02 09:35:24,9.45,5,-7.16543,38.87962,-9.13734,38.73800
2,-7.17452,38.87685,2017-01-02 09:35:32,6.7,5,-7.16543,38.87962,-9.13734,38.73800
2,-7.17469,38.87660,2017-01-02 09:35:37,6.99,5,-7.16543,38.87962,-9.13734,38.73800
2,-7.17491,38.87635,2017-01-02 09:35:41,9.58,5,-7.16543,38.87962,-9.13734,38.73800
2,-7.17539,38.87601,2017-01-02 09:35:46,11.63,5,-7.16543,38.87962,-9.13734,38.73800
2,-7.17613,38.87570,2017-01-02 09:35:52,12.22,5,-7.16543,38.87962,-9.13734,38.73800
2,-7.17673,38.87551,2017-01-02 09:35:57,11.21,5,-7.16543,38.87962,-9.13734,38.73800
2,-7.17939,38.87546,2017-01-02 09:36:17,12.04,5,-7.16543,38.87962,-9.13734,38.73800
2,-7.17998,38.87544,2017-01-02 09:36:22,8.91,5,-7.16543,38.87962,-9.13734,38.73800
2,-7.18067,38.87548,2017-01-02 09:36:31,5.97,5,-7.16543,38.87962,-9.13734,38.73800
2,-7.18109,38.87539,2017-01-02 09:36:36,8.87,5,-7.16543,38.87962,-9.13734,38.73800
2,-7.18450,38.87528,2017-01-02 09:37:02,11.88,5,-7.16543,38.87962,-9.13734,38.73800
2,-7.18512,38.87526,2017-01-02 09:37:07,10.08,5,-7.16543,38.87962,-9.13734,38.73800
2,-7.18578,38.87528,2017-01-02 09:37:15,5.18,5,-7.16543,38.87962,-9.13734,38.73800
2,-7.18598,38.87515,2017-01-02 09:37:19,7.09,5,-7.16543,38.87962,-9.13734,38.73800
2,-7.18642,38.87494,2017-01-02 09:37:24,10.28,5,-7.16543,38.87962,-9.13734,38.73800
2,-7.18792,38.87429,2017-01-02 09:37:36,12.78,5,-7.16543,38.87962,-9.13734,38.73800
2,-7.18930,38.87353,2017-01-02 09:37:49,11.03,5,-7.16543,38.87962,-9.13734,38.73800
2,-7.19024,38.87316,2017-01-02 09:37:57,11.75,5,-7.16543,38.87962,-9.13734,38.73800
2,-7.19133,38.87290,2017-01-02 09:38:08,7.48,5,-7.16543,38.87962,-9.13734,38.73800
2,-7.19175,38.87266,2017-01-02 09:38:13,10.34,5,-7.16543,38.87962,-9.13734,38.73800
2,-7.19235,38.87239,2017-01-02 09:38:18,13.09,5,-7.16543,38.87962,-9.13734,38.73800
2,-7.19354,38.87199,2017-01-02 09:38:26,14.59,5,-7.16543,38.87962,-9.13734,38.73800
2,-7.19458,38.87164,2017-01-02 09:38:32,17.36,5,-7.16543,38.87962,-9.13734,38.73800
2,-7.19717,38.87091,2017-01-02 09:38:45,18.48,5,-7.16543,38.87962,-9.13734,38.73800
2,-7.19870,38.87048,2017-01-02 09:38:52,20.73,5,-7.16543,38.87962,-9.13734,38.73800
2,-7.19962,38.87025,2017-01-02 09:38:56,20.98,5,-7.16543,38.87962,-9.13734,38.73800
2,-7.20060,38.87013,2017-01-02 09:39:00,21.88,5,-7.16543,38.87962,-9.13734,38.73800
2,-7.20160,38.87016,2017-01-02 09:39:04,21.56,5,-7.16543,38.87962,-9.13734,38.73800
2,-7.20353,38.87060,2017-01-02 09:39:12,21.85,5,-7.16543,38.87962,-9.13734,38.73800
2,-7.20426,38.87076,2017-01-02 09:39:15,21.75,5,-7.16543,38.87962,-9.13734,38.73800
2,-7.20530,38.87082,2017-01-02 09:39:19,23.01,5,-7.16543,38.87962,-9.13734,38.73800
2,-7.20610,38.87077,2017-01-02 09:39:22,23.39,5,-7.16543,38.87962,-9.13734,38.73800
2,-7.20715,38.87055,2017-01-02 09:39:26,23.55,5,-7.16543,38.87962,-9.13734,38.73800
2,-7.20928,38.86962,2017-01-02 09:39:35,23.05,5,-7.16543,38.87962,-9.13734,38.73800
2,-7.21233,38.86826,2017-01-02 09:39:49,21.42,5,-7.16543,38.87962,-9.13734,38.73800
2,-7.21364,38.86770,2017-01-02 09:39:55,21.57,5,-7.16543,38.87962,-9.13734,38.73800
2,-7.21458,38.86740,2017-01-02 09:39:59,22.02,5,-7.16543,38.87962,-9.13734,38.73800
2,-7.21709,38.86703,2017-01-02 09:40:09,21.54,5,-7.16543,38.87962,-9.13734,38.73800
2,-7.21828,38.86686,2017-01-02 09:40:14,20.09,5,-7.16543,38.87962,-9.13734,38.73800
2,-7.21932,38.86671,2017-01-02 09:40:19,17.05,5,-7.16543,38.87962,-9.13734,38.73800
2,-7.22017,38.86660,2017-01-02 09:40:24,13.38,5,-7.16543,38.87962,-9.13734,38.73800
2,-7.22064,38.86660,2017-01-02 09:40:27,13.43,5,-7.16543,38.87962,-9.13734,38.73800
2,-7.22108,38.86674,2017-01-02 09:40:30,13.83,5,-7.16543,38.87962,-9.13734,38.73800
2,-7.22146,38.86702,2017-01-02 09:40:33,15.69,5,-7.16543,38.87962,-9.13734,38.73800
2,-7.22180,38.86757,2017-01-02 09:40:37,18.27,5,-7.16543,38.87962,-9.13734,38.73800
2,-7.22241,38.86919,2017-01-02 09:40:46,21.58,5,-7.16543,38.87962,-9.13734,38.73800
2,-7.22289,38.87032,2017-01-02 09:40:52,22.27,5,-7.16543,38.87962,-9.13734,38.73800
2,-7.22749,38.87904,2017-01-02 09:41:36,24.34,5,-7.16543,38.87962,-9.13734,38.73800
2,-7.22809,38.88018,2017-01-02 09:41:42,21.34,5,-7.16543,38.87962,-9.13734,38.73800
2,-7.22853,38.88106,2017-01-02 09:41:47,21.23,5,-7.16543,38.87962,-9.13734,38.73800
2,-7.22870,38.88159,2017-01-02 09:41:50,20.26,5,-7.16543,38.87962,-9.13734,38.73800
2,-7.22876,38.88214,2017-01-02 09:41:53,20.71,5,-7.16543,38.87962,-9.13734,38.73800
2,-7.22869,38.88268,2017-01-02 09:41:56,20.17,5,-7.16543,38.87962,-9.13734,38.73800
2,-7.22845,38.88320,2017-01-02 09:41:59,20.5,5,-7.16543,38.87962,-9.13734,38.73800
2,-7.22809,38.88366,2017-01-02 09:42:02,19.69,5,-7.16543,38.87962,-9.13734,38.73800
2,-7.22765,38.88403,2017-01-02 09:42:05,17.99,5,-7.16543,38.87962,-9.13734,38.73800
2,-7.22695,38.88443,2017-01-02 09:42:09,18.82,5,-7.16543,38.87962,-9.13734,38.73800
2,-7.22649,38.88460,2017-01-02 09:42:12,13.31,5,-7.16543,38.87962,-9.13734,38.73800
2,-7.22595,38.88470,2017-01-02 09:42:16,11.2,5,-7.16543,38.87962,-9.13734,38.73800
2,-7.22558,38.88466,2017-01-02 09:42:19,10.88,5,-7.16543,38.87962,-9.13734,38.73800
2,-7.22536,38.88454,2017-01-02 09:42:21,12.11,5,-7.16543,38.87962,-9.13734,38.73800
2,-7.22522,38.88433,2017-01-02 09:42:23,13.12,5,-7.16543,38.87962,-9.13734,38.73800
2,-7.22521,38.88410,2017-01-02 09:42:25,13.55,5,-7.16543,38.87962,-9.13734,38.73800
2,-7.22535,38.88386,2017-01-02 09:42:27,14.58,5,-7.16543,38.87962,-9.13734,38.73800
2,-7.22562,38.88368,2017-01-02 09:42:29,15.9,5,-7.16543,38.87962,-9.13734,38.73800
2,-7.22637,38.88350,2017-01-02 09:42:33,17.73,5,-7.16543,38.87962,-9.13734,38.73800
2,-7.22725,38.88337,2017-01-02 09:42:37,20.58,5,-7.16543,38.87962,-9.13734,38.73800
2,-7.22828,38.88316,2017-01-02 09:42:41,24.41,5,-7.16543,38.87962,-9.13734,38.73800
2,-7.23031,38.88273,2017-01-02 09:42:48,26.57,5,-7.16543,38.87962,-9.13734,38.73800
2,-7.23645,38.88153,2017-01-02 09:43:07,29.24,5,-7.16543,38.87962,-9.13734,38.73800
2,-7.23945,38.88104,2017-01-02 09:43:16,29.37,5,-7.16543,38.87962,-9.13734,38.73800
2,-7.24215,38.88074,2017-01-02 09:43:24,29.27,5,-7.16543,38.87962,-9.13734,38.73800
2,-7.24585,38.88054,2017-01-02 09:43:35,29.32,5,-7.16543,38.87962,-9.13734,38.73800
2,-7.24853,38.88029,2017-01-02 09:43:43,29.13,5,-7.16543,38.87962,-9.13734,38.73800
2,-7.25085,38.88000,2017-01-02 09:43:50,28.5,5,-7.16543,38.87962,-9.13734,38.73800
2,-7.25302,38.87961,2017-01-02 09:43:57,27.04,5,-7.16543,38.87962,-9.13734,38.73800
2,-7.25449,38.87935,2017-01-02 09:44:02,25.4,5,-7.16543,38.87962,-9.13734,38.73800
2,-7.25557,38.87913,2017-01-02 09:44:06,23.16,5,-7.16543,38.87962,-9.13734,38.73800
2,-7.25644,38.87892,2017-01-02 09:44:10,17.78,5,-7.16543,38.87962,-9.13734,38.73800
2,-7.25873,38.87836,2017-01-02 09:44:25,14.16,5,-7.16543,38.87962,-9.13734,38.73800
2,-7.25945,38.87820,2017-01-02 09:44:29,17.41,5,-7.16543,38.87962,-9.13734,38.73800
2,-7.26032,38.87800,2017-01-02 09:44:33,21.1,5,-7.16543,38.87962,-9.13734,38.73800
2,-7.26187,38.87762,2017-01-02 09:44:39,24.93,5,-7.16543,38.87962,-9.13734,38.73800
2,-7.26360,38.87713,2017-01-02 09:44:45,27.05,5,-7.16543,38.87962,-9.13734,38.73800
2,-7.26509,38.87664,2017-01-02 09:44:50,28.99,5,-7.16543,38.87962,-9.13734,38.73800
2,-7.26736,38.87583,2017-01-02 09:44:57,31.93,5,-7.16543,38.87962,-9.13734,38.73800
2,-7.28005,38.87059,2017-01-02 09:45:36,31.18,5,-7.16543,38.87962,-9.13734,38.73800
2,-7.28933,38.86698,2017-01-02 09:46:04,32.46,5,-7.16543,38.87962,-9.13734,38.73800
2,-7.30755,38.85995,2017-01-02 09:47:00,31.3,5,-7.16543,38.87962,-9.13734,38.73800
2,-7.31124,38.85870,2017-01-02 09:47:11,32.46,5,-7.16543,38.87962,-9.13734,38.73800
2,-7.31398,38.85791,2017-01-02 09:47:19,31.07,5,-7.16543,38.87962,-9.13734,38.73800
2,-7.31775,38.85698,2017-01-02 09:47:30,31.08,5,-7.16543,38.87962,-9.13734,38.73800
2,-7.32115,38.85630,2017-01-02 09:47:40,30.76,5,-7.16543,38.87962,-9.13734,38.73800
2,-7.32697,38.85542,2017-01-02 09:47:57,29.45,5,-7.16543,38.87962,-9.13734,38.73800
2,-7.32992,38.85494,2017-01-02 09:48:06,29.19,5,-7.16543,38.87962,-9.13734,38.73800
2,-7.33212,38.85444,2017-01-02 09:48:13,27.9,5,-7.16543,38.87962,-9.13734,38.73800
2,-7.33654,38.85319,2017-01-02 09:48:28,27.35,5,-7.16543,38.87962,-9.13734,38.73800
2,-7.33968,38.85227,2017-01-02 09:48:38,30.05,5,-7.16543,38.87962,-9.13734,38.73800
2,-7.34294,38.85138,2017-01-02 09:48:48,29.56,5,-7.16543,38.87962,-9.13734,38.73800
2,-7.34496,38.85092,2017-01-02 09:48:54,30.64,5,-7.16543,38.87962,-9.13734,38.73800
2,-7.34739,38.85049,2017-01-02 09:49:01,31.2,5,-7.16543,38.87962,-9.13734,38.73800
2,-7.34990,38.85016,2017-01-02 09:49:08,31.33,5,-7.16543,38.87962,-9.13734,38.73800
2,-7.36457,38.84921,2017-01-02 09:49:49,31.16,5,-7.16543,38.87962,-9.13734,38.73800
2,-7.36898,38.84893,2017-01-02 09:50:01,32.25,5,-7.16543,38.87962,-9.13734,38.73800
2,-7.37153,38.84872,2017-01-02 09:50:08,31.36,5,-7.16543,38.87962,-9.13734,38.73800
2,-7.37364,38.84844,2017-01-02 09:50:14,30.16,5,-7.16543,38.87962,-9.13734,38.73800
2,-7.37602,38.84802,2017-01-02 09:50:21,29.96,5,-7.16543,38.87962,-9.13734,38.73800
2,-7.37899,38.84732,2017-01-02 09:50:30,30.08,5,-7.16543,38.87962,-9.13734,38.73800
2,-7.38562,38.84528,2017-01-02 09:50:50,30.71,5,-7.16543,38.87962,-9.13734,38.73800
2,-7.39310,38.84291,2017-01-02 09:51:13,30.48,5,-7.16543,38.87962,-9.13734,38.73800
2,-7.39908,38.84096,2017-01-02 09:51:32,29.07,5,-7.16543,38.87962,-9.13734,38.73800
2,-7.41228,38.83637,2017-01-02 09:52:15,29.2,5,-7.16543,38.87962,-9.13734,38.73800
2,-7.41711,38.83469,2017-01-02 09:52:31,28.65,5,-7.16543,38.87962,-9.13734,38.73800
2,-7.41920,38.83389,2017-01-02 09:52:38,29.24,5,-7.16543,38.87962,-9.13734,38.73800
2,-7.42248,38.83244,2017-01-02 09:52:49,30.27,5,-7.16543,38.87962,-9.13734,38.73800
2,-7.43035,38.82894,2017-01-02 09:53:14,31.79,5,-7.16543,38.87962,-9.13734,38.73800
2,-7.43351,38.82752,2017-01-02 09:53:24,31.71,5,-7.16543,38.87962,-9.13734,38.73800
2,-7.43507,38.82682,2017-01-02 09:53:29,30.73,5,-7.16543,38.87962,-9.13734,38.73800
2,-7.43631,38.82626,2017-01-02 09:53:34,25.79,5,-7.16543,38.87962,-9.13734,38.73800
2,-7.44246,38.82350,2017-01-02 09:53:54,30.45,5,-7.16543,38.87962,-9.13734,38.73800
2,-7.44524,38.82239,2017-01-02 09:54:03,29.87,5,-7.16543,38.87962,-9.13734,38.73800
2,-7.44718,38.82173,2017-01-02 09:54:09,31.13,5,-7.16543,38.87962,-9.13734,38.73800
2,-7.44954,38.82107,2017-01-02 09:54:16,31.05,5,-7.16543,38.87962,-9.13734,38.73800
2,-7.45224,38.82047,2017-01-02 09:54:24,30.39,5,-7.16543,38.87962,-9.13734,38.73800
2,-7.45470,38.82005,2017-01-02 09:54:31,31.68,5,-7.16543,38.87962,-9.13734,38.73800
2,-7.46506,38.81881,2017-01-02 09:55:00,30.97,5,-7.16543,38.87962,-9.13734,38.73800
2,-7.47532,38.81757,2017-01-02 09:55:28,32.46,5,-7.16543,38.87962,-9.13734,38.73800
2,-7.47931,38.81698,2017-01-02 09:55:39,32.18,5,-7.16543,38.87962,-9.13734,38.73800
2,-7.48291,38.81630,2017-01-02 09:55:49,32.23,5,-7.16543,38.87962,-9.13734,38.73800
2,-7.48650,38.81550,2017-01-02 09:55:59,32.58,5,-7.16543,38.87962,-9.13734,38.73800
2,-7.49555,38.81308,2017-01-02 09:56:25,31.56,5,-7.16543,38.87962,-9.13734,38.73800
2,-7.49837,38.81243,2017-01-02 09:56:33,32.21,5,-7.16543,38.87962,-9.13734,38.73800
2,-7.50159,38.81188,2017-01-02 09:56:42,32.1,5,-7.16543,38.87962,-9.13734,38.73800
2,-7.50452,38.81148,2017-01-02 09:56:50,31.66,5,-7.16543,38.87962,-9.13734,38.73800
2,-7.51134,38.81089,2017-01-02 09:57:09,31.18,5,-7.16543,38.87962,-9.13734,38.73800
2,-7.52747,38.80958,2017-01-02 09:57:52,33.03,5,-7.16543,38.87962,-9.13734,38.73800
2,-7.53008,38.80939,2017-01-02 09:57:59,31.83,5,-7.16543,38.87962,-9.13734,38.73800
2,-7.53302,38.80930,2017-01-02 09:58:07,32.06,5,-7.16543,38.87962,-9.13734,38.73800
2,-7.53606,38.80939,2017-01-02 09:58:15,33.68,5,-7.16543,38.87962,-9.13734,38.73800
2,-7.53870,38.80959,2017-01-02 09:58:22,31.54,5,-7.16543,38.87962,-9.13734,38.73800
2,-7.54123,38.80993,2017-01-02 09:58:29,32.03,5,-7.16543,38.87962,-9.13734,38.73800
2,-7.54378,38.81040,2017-01-02 09:58:36,32.48,5,-7.16543,38.87962,-9.13734,38.73800
2,-7.54593,38.81090,2017-01-02 09:58:42,32.31,5,-7.16543,38.87962,-9.13734,38.73800
2,-7.54872,38.81171,2017-01-02 09:58:50,32.37,5,-7.16543,38.87962,-9.13734,38.73800
2,-7.55043,38.81227,2017-01-02 09:58:55,32.41,5,-7.16543,38.87962,-9.13734,38.73800
2,-7.55279,38.81320,2017-01-02 09:59:02,33.01,5,-7.16543,38.87962,-9.13734,38.73800
2,-7.55503,38.81424,2017-01-02 09:59:09,32.3,5,-7.16543,38.87962,-9.13734,38.73800
2,-7.55719,38.81537,2017-01-02 09:59:16,32.67,5,-7.16543,38.87962,-9.13734,38.73800
2,-7.56198,38.81829,2017-01-02 09:59:32,32.74,5,-7.16543,38.87962,-9.13734,38.73800
2,-7.56630,38.82092,2017-01-02 09:59:47,31.07,5,-7.16543,38.87962,-9.13734,38.73800
2,-7.56775,38.82174,2017-01-02 09:59:52,31.58,5,-7.16543,38.87962,-9.13734,38.73800
2,-7.56933,38.82251,2017-01-02 09:59:57,32.66,5,-7.16543,38.87962,-9.13734,38.73800
2,-7.57102,38.82318,2017-01-02 10:00:02,32.95,5,-7.16543,38.87962,-9.13734,38.73800
2,-7.57276,38.82373,2017-01-02 10:00:07,32.2,5,-7.16543,38.87962,-9.13734,38.73800
2,-7.57455,38.82414,2017-01-02 10:00:12,32.33,5,-7.16543,38.87962,-9.13734,38.73800
2,-7.57639,38.82444,2017-01-02 10:00:17,32.55,5,-7.16543,38.87962,-9.13734,38.73800
2,-7.57863,38.82466,2017-01-02 10:00:23,31.82,5,-7.16543,38.87962,-9.13734,38.73800
2,-7.58049,38.82473,2017-01-02 10:00:28,32.22,5,-7.16543,38.87962,-9.13734,38.73800
2,-7.58235,38.82467,2017-01-02 10:00:33,32.07,5,-7.16543,38.87962,-9.13734,38.73800
2,-7.58962,38.82393,2017-01-02 10:00:53,31.77,5,-7.16543,38.87962,-9.13734,38.73800
2,-7.59178,38.82367,2017-01-02 10:00:59,32.02,5,-7.16543,38.87962,-9.13734,38.73800
2,-7.59432,38.82325,2017-01-02 10:01:06,32.0,5,-7.16543,38.87962,-9.13734,38.73800
2,-7.59679,38.82275,2017-01-02 10:01:13,31.45,5,-7.16543,38.87962,-9.13734,38.73800
2,-7.59916,38.82215,2017-01-02 10:01:20,31.12,5,-7.16543,38.87962,-9.13734,38.73800
2,-7.60227,38.82122,2017-01-02 10:01:29,32.34,5,-7.16543,38.87962,-9.13734,38.73800
2,-7.60503,38.82024,2017-01-02 10:01:37,33.21,5,-7.16543,38.87962,-9.13734,38.73800
2,-7.60773,38.81914,2017-01-02 10:01:45,32.93,5,-7.16543,38.87962,-9.13734,38.73800
2,-7.61026,38.81795,2017-01-02 10:01:53,31.18,5,-7.16543,38.87962,-9.13734,38.73800
2,-7.61428,38.81570,2017-01-02 10:02:06,32.68,5,-7.16543,38.87962,-9.13734,38.73800
2,-7.61783,38.81343,2017-01-02 10:02:18,32.38,5,-7.16543,38.87962,-9.13734,38.73800
2,-7.61987,38.81220,2017-01-02 10:02:25,32.06,5,-7.16543,38.87962,-9.13734,38.73800
2,-7.62204,38.81110,2017-01-02 10:02:32,32.48,5,-7.16543,38.87962,-9.13734,38.73800
2,-7.62471,38.80992,2017-01-02 10:02:40,33.35,5,-7.16543,38.87962,-9.13734,38.73800
2,-7.62708,38.80903,2017-01-02 10:02:47,32.7,5,-7.16543,38.87962,-9.13734,38.73800
2,-7.62991,38.80818,2017-01-02 10:02:55,33.41,5,-7.16543,38.87962,-9.13734,38.73800
2,-7.63277,38.80749,2017-01-02 10:03:03,31.74,5,-7.16543,38.87962,-9.13734,38.73800
2,-7.63533,38.80703,2017-01-02 10:03:10,32.81,5,-7.16543,38.87962,-9.13734,38.73800
2,-7.64055,38.80639,2017-01-02 10:03:24,31.71,5,-7.16543,38.87962,-9.13734,38.73800
2,-7.64348,38.80590,2017-01-02 10:03:32,32.96,5,-7.16543,38.87962,-9.13734,38.73800
2,-7.64637,38.80522,2017-01-02 10:03:40,32.65,5,-7.16543,38.87962,-9.13734,38.73800
2,-7.64884,38.80449,2017-01-02 10:03:47,32.43,5,-7.16543,38.87962,-9.13734,38.73800
2,-7.65909,38.80072,2017-01-02 10:04:18,30.81,5,-7.16543,38.87962,-9.13734,38.73800
2,-7.66138,38.79981,2017-01-02 10:04:25,32.1,5,-7.16543,38.87962,-9.13734,38.73800
2,-7.66359,38.79881,2017-01-02 10:04:32,31.88,5,-7.16543,38.87962,-9.13734,38.73800
2,-7.66607,38.79753,2017-01-02 10:04:40,31.89,5,-7.16543,38.87962,-9.13734,38.73800
2,-7.66839,38.79622,2017-01-02 10:04:48,30.72,5,-7.16543,38.87962,-9.13734,38.73800
2,-7.67624,38.79122,2017-01-02 10:05:17,30.16,5,-7.16543,38.87962,-9.13734,38.73800
2,-7.67838,38.78976,2017-01-02 10:05:25,30.85,5,-7.16543,38.87962,-9.13734,38.73800
2,-7.68036,38.78819,2017-01-02 10:05:33,30.75,5,-7.16543,38.87962,-9.13734,38.73800
2,-7.68270,38.78608,2017-01-02 10:05:43,31.18,5,-7.16543,38.87962,-9.13734,38.73800
2,-7.68395,38.78477,2017-01-02 10:05:49,30.13,5,-7.16543,38.87962,-9.13734,38.73800
2,-7.68924,38.77789,2017-01-02 10:06:19,29.35,5,-7.16543,38.87962,-9.13734,38.73800
2,-7.69104,38.77567,2017-01-02 10:06:29,29.57,5,-7.16543,38.87962,-9.13734,38.73800
2,-7.69245,38.77418,2017-01-02 10:06:36,29.67,5,-7.16543,38.87962,-9.13734,38.73800
2,-7.69423,38.77249,2017-01-02 10:06:44,29.08,5,-7.16543,38.87962,-9.13734,38.73800
2,-7.70259,38.76538,2017-01-02 10:07:19,30.35,5,-7.16543,38.87962,-9.13734,38.73800
2,-7.70660,38.76194,2017-01-02 10:07:35,32.69,5,-7.16543,38.87962,-9.13734,38.73800
2,-7.70857,38.76030,2017-01-02 10:07:43,32.1,5,-7.16543,38.87962,-9.13734,38.73800
2,-7.71073,38.75866,2017-01-02 10:07:51,33.5,5,-7.16543,38.87962,-9.13734,38.73800
2,-7.71400,38.75658,2017-01-02 10:08:02,32.65,5,-7.16543,38.87962,-9.13734,38.73800
2,-7.71611,38.75540,2017-01-02 10:08:09,32.66,5,-7.16543,38.87962,-9.13734,38.73800
2,-7.71834,38.75432,2017-01-02 10:08:16,32.55,5,-7.16543,38.87962,-9.13734,38.73800
2,-7.72463,38.75180,2017-01-02 10:08:35,32.78,5,-7.16543,38.87962,-9.13734,38.73800
2,-7.72813,38.75025,2017-01-02 10:08:46,31.53,5,-7.16543,38.87962,-9.13734,38.73800
2,-7.73412,38.74708,2017-01-02 10:09:05,32.87,5,-7.16543,38.87962,-9.13734,38.73800
2,-7.73564,38.74625,2017-01-02 10:09:10,31.88,5,-7.16543,38.87962,-9.13734,38.73800
2,-7.73724,38.74551,2017-01-02 10:09:15,31.9,5,-7.16543,38.87962,-9.13734,38.73800
2,-7.73887,38.74492,2017-01-02 10:09:20,31.67,5,-7.16543,38.87962,-9.13734,38.73800
2,-7.74063,38.74441,2017-01-02 10:09:25,32.17,5,-7.16543,38.87962,-9.13734,38.73800
2,-7.74516,38.74354,2017-01-02 10:09:38,30.23,5,-7.16543,38.87962,-9.13734,38.73800
2,-7.74722,38.74308,2017-01-02 10:09:44,31.09,5,-7.16543,38.87962,-9.13734,38.73800
2,-7.74893,38.74261,2017-01-02 10:09:49,32.0,5,-7.16543,38.87962,-9.13734,38.73800
2,-7.75121,38.74177,2017-01-02 10:09:56,30.84,5,-7.16543,38.87962,-9.13734,38.73800
2,-7.75276,38.74108,2017-01-02 10:10:01,31.43,5,-7.16543,38.87962,-9.13734,38.73800
2,-7.75452,38.74006,2017-01-02 10:10:07,31.26,5,-7.16543,38.87962,-9.13734,38.73800
2,-7.75639,38.73877,2017-01-02 10:10:14,30.8,5,-7.16543,38.87962,-9.13734,38.73800
2,-7.76336,38.73316,2017-01-02 10:10:43,28.57,5,-7.16543,38.87962,-9.13734,38.73800
2,-7.76510,38.73185,2017-01-02 10:10:50,31.17,5,-7.16543,38.87962,-9.13734,38.73800
2,-7.77305,38.72676,2017-01-02 10:11:18,32.07,5,-7.16543,38.87962,-9.13734,38.73800
2,-7.77500,38.72546,2017-01-02 10:11:25,31.8,5,-7.16543,38.87962,-9.13734,38.73800
2,-7.77680,38.72408,2017-01-02 10:11:32,31.01,5,-7.16543,38.87962,-9.13734,38.73800
2,-7.78637,38.71521,2017-01-02 10:12:13,31.37,5,-7.16543,38.87962,-9.13734,38.73800
2,-7.78832,38.71355,2017-01-02 10:12:21,31.65,5,-7.16543,38.87962,-9.13734,38.73800
2,-7.79074,38.71169,2017-01-02 10:12:30,33.9,5,-7.16543,38.87962,-9.13734,38.73800
2,-7.79249,38.71044,2017-01-02 10:12:36,33.84,5,-7.16543,38.87962,-9.13734,38.73800
2,-7.79533,38.70867,2017-01-02 10:12:46,30.72,5,-7.16543,38.87962,-9.13734,38.73800
2,-7.79694,38.70756,2017-01-02 10:12:52,31.46,5,-7.16543,38.87962,-9.13734,38.73800
2,-7.79896,38.70591,2017-01-02 10:13:00,31.83,5,-7.16543,38.87962,-9.13734,38.73800
2,-7.80038,38.70463,2017-01-02 10:13:06,31.3,5,-7.16543,38.87962,-9.13734,38.73800
2,-7.80216,38.70280,2017-01-02 10:13:14,31.39,5,-7.16543,38.87962,-9.13734,38.73800
2,-7.80358,38.70112,2017-01-02 10:13:21,31.98,5,-7.16543,38.87962,-9.13734,38.73800
2,-7.80725,38.69553,2017-01-02 10:13:43,31.97,5,-7.16543,38.87962,-9.13734,38.73800
2,-7.80872,38.69351,2017-01-02 10:13:51,32.45,5,-7.16543,38.87962,-9.13734,38.73800
2,-7.81121,38.69064,2017-01-02 10:14:03,32.79,5,-7.16543,38.87962,-9.13734,38.73800
2,-7.82394,38.67805,2017-01-02 10:14:58,32.63,5,-7.16543,38.87962,-9.13734,38.73800
2,-7.82608,38.67599,2017-01-02 10:15:07,32.05,5,-7.16543,38.87962,-9.13734,38.73800
2,-7.82891,38.67355,2017-01-02 10:15:18,33.55,5,-7.16543,38.87962,-9.13734,38.73800
2,-7.83511,38.66876,2017-01-02 10:15:41,32.75,5,-7.16543,38.87962,-9.13734,38.73800
2,-7.83666,38.66751,2017-01-02 10:15:47,31.87,5,-7.16543,38.87962,-9.13734,38.73800
2,-7.83811,38.66620,2017-01-02 10:15:53,32.0,5,-7.16543,38.87962,-9.13734,38.73800
2,-7.84004,38.66416,2017-01-02 10:16:02,30.31,5,-7.16543,38.87962,-9.13734,38.73800
2,-7.84124,38.66274,2017-01-02 10:16:08,31.77,5,-7.16543,38.87962,-9.13734,38.73800
2,-7.84425,38.65823,2017-01-02 10:16:26,30.13,5,-7.16543,38.87962,-9.13734,38.73800
2,-7.84548,38.65654,2017-01-02 10:16:33,30.74,5,-7.16543,38.87962,-9.13734,38.73800
2,-7.84683,38.65491,2017-01-02 10:16:40,30.89,5,-7.16543,38.87962,-9.13734,38.73800
2,-7.84834,38.65333,2017-01-02 10:16:47,31.75,5,-7.16543,38.87962,-9.13734,38.73800
2,-7.85077,38.65111,2017-01-02 10:16:57,33.01,5,-7.16543,38.87962,-9.13734,38.73800
2,-7.85313,38.64932,2017-01-02 10:17:06,31.79,5,-7.16543,38.87962,-9.13734,38.73800
2,-7.85452,38.64836,2017-01-02 10:17:11,32.08,5,-7.16543,38.87962,-9.13734,38.73800
2,-7.85652,38.64714,2017-01-02 10:17:18,31.38,5,-7.16543,38.87962,-9.13734,38.73800
2,-7.85895,38.64586,2017-01-02 10:17:26,31.96,5,-7.16543,38.87962,-9.13734,38.73800
2,-7.86153,38.64469,2017-01-02 10:17:34,32.57,5,-7.16543,38.87962,-9.13734,38.73800
2,-7.87067,38.64116,2017-01-02 10:18:01,32.33,5,-7.16543,38.87962,-9.13734,38.73800
2,-7.87500,38.63927,2017-01-02 10:18:14,33.4,5,-7.16543,38.87962,-9.13734,38.73800
2,-7.88450,38.63450,2017-01-02 10:18:44,33.43,5,-7.16543,38.87962,-9.13734,38.73800
2,-7.88672,38.63344,2017-01-02 10:18:51,31.93,5,-7.16543,38.87962,-9.13734,38.73800
2,-7.88936,38.63238,2017-01-02 10:18:59,32.83,5,-7.16543,38.87962,-9.13734,38.73800
2,-7.89245,38.63136,2017-01-02 10:19:08,32.1,5,-7.16543,38.87962,-9.13734,38.73800
2,-7.89453,38.63078,2017-01-02 10:19:14,31.94,5,-7.16543,38.87962,-9.13734,38.73800
2,-7.89702,38.63028,2017-01-02 10:19:21,32.05,5,-7.16543,38.87962,-9.13734,38.73800
2,-7.89989,38.62985,2017-01-02 10:19:29,32.87,5,-7.16543,38.87962,-9.13734,38.73800
2,-7.90251,38.62957,2017-01-02 10:19:36,32.42,5,-7.16543,38.87962,-9.13734,38.73800
2,-7.90546,38.62941,2017-01-02 10:19:44,32.2,5,-7.16543,38.87962,-9.13734,38.73800
2,-7.90733,38.62938,2017-01-02 10:19:49,32.3,5,-7.16543,38.87962,-9.13734,38.73800
2,-7.93377,38.63084,2017-01-02 10:20:59,32.5,5,-7.16543,38.87962,-9.13734,38.73800
2,-7.93875,38.63109,2017-01-02 10:21:12,33.65,5,-7.16543,38.87962,-9.13734,38.73800
2,-7.94296,38.63115,2017-01-02 10:21:23,33.33,5,-7.16543,38.87962,-9.13734,38.73800
2,-7.94646,38.63101,2017-01-02 10:21:32,33.66,5,-7.16543,38.87962,-9.13734,38.73800
2,-7.96159,38.63007,2017-01-02 10:22:13,32.4,5,-7.16543,38.87962,-9.13734,38.73800
2,-7.96385,38.62986,2017-01-02 10:22:19,33.11,5,-7.16543,38.87962,-9.13734,38.73800
2,-7.96649,38.62948,2017-01-02 10:22:26,32.87,5,-7.16543,38.87962,-9.13734,38.73800
2,-7.96908,38.62898,2017-01-02 10:22:33,33.29,5,-7.16543,38.87962,-9.13734,38.73800
2,-7.97161,38.62833,2017-01-02 10:22:40,32.43,5,-7.16543,38.87962,-9.13734,38.73800
2,-7.97405,38.62755,2017-01-02 10:22:47,32.23,5,-7.16543,38.87962,-9.13734,38.73800
2,-7.97711,38.62644,2017-01-02 10:22:56,32.2,5,-7.16543,38.87962,-9.13734,38.73800
2,-7.97877,38.62577,2017-01-02 10:23:01,32.79,5,-7.16543,38.87962,-9.13734,38.73800
2,-7.98044,38.62498,2017-01-02 10:23:06,33.6,5,-7.16543,38.87962,-9.13734,38.73800
2,-7.98355,38.62319,2017-01-02 10:23:16,33.3,5,-7.16543,38.87962,-9.13734,38.73800
2,-7.98554,38.62186,2017-01-02 10:23:23,32.01,5,-7.16543,38.87962,-9.13734,38.73800
2,-7.99822,38.61160,2017-01-02 10:24:11,33.58,5,-7.16543,38.87962,-9.13734,38.73800
2,-7.99990,38.61040,2017-01-02 10:24:17,32.71,5,-7.16543,38.87962,-9.13734,38.73800
2,-8.00226,38.60893,2017-01-02 10:24:25,33.39,5,-7.16543,38.87962,-9.13734,38.73800
2,-8.00414,38.60790,2017-01-02 10:24:31,32.69,5,-7.16543,38.87962,-9.13734,38.73800
2,-8.00638,38.60683,2017-01-02 10:24:38,32.74,5,-7.16543,38.87962,-9.13734,38.73800
2,-8.00833,38.60602,2017-01-02 10:24:44,31.81,5,-7.16543,38.87962,-9.13734,38.73800
2,-8.01100,38.60508,2017-01-02 10:24:52,31.88,5,-7.16543,38.87962,-9.13734,38.73800
2,-8.01333,38.60436,2017-01-02 10:24:59,31.07,5,-7.16543,38.87962,-9.13734,38.73800
2,-8.01634,38.60367,2017-01-02 10:25:08,29.93,5,-7.16543,38.87962,-9.13734,38.73800
2,-8.01933,38.60313,2017-01-02 10:25:17,30.13,5,-7.16543,38.87962,-9.13734,38.73800
2,-8.02138,38.60290,2017-01-02 10:25:23,30.81,5,-7.16543,38.87962,-9.13734,38.73800
2,-8.02497,38.60264,2017-01-02 10:25:33,32.22,5,-7.16543,38.87962,-9.13734,38.73800
2,-8.02754,38.60262,2017-01-02 10:25:40,31.85,5,-7.16543,38.87962,-9.13734,38.73800
2,-8.03084,38.60276,2017-01-02 10:25:49,32.38,5,-7.16543,38.87962,-9.13734,38.73800
2,-8.03940,38.60342,2017-01-02 10:26:12,32.1,5,-7.16543,38.87962,-9.13734,38.73800
2,-8.04196,38.60367,2017-01-02 10:26:19,31.56,5,-7.16543,38.87962,-9.13734,38.73800
2,-8.04452,38.60407,2017-01-02 10:26:26,32.82,5,-7.16543,38.87962,-9.13734,38.73800
2,-8.04709,38.60459,2017-01-02 10:26:33,33.2,5,-7.16543,38.87962,-9.13734,38.73800
2,-8.04965,38.60525,2017-01-02 10:26:40,33.7,5,-7.16543,38.87962,-9.13734,38.73800
2,-8.05222,38.60604,2017-01-02 10:26:47,34.56,5,-7.16543,38.87962,-9.13734,38.73800
2,-8.05534,38.60721,2017-01-02 10:26:56,32.82,5,-7.16543,38.87962,-9.13734,38.73800
2,-8.05770,38.60824,2017-01-02 10:27:03,34.08,5,-7.16543,38.87962,-9.13734,38.73800
2,-8.06228,38.61062,2017-01-02 10:27:17,34.25,5,-7.16543,38.87962,-9.13734,38.73800
2,-8.06455,38.61174,2017-01-02 10:27:24,32.41,5,-7.16543,38.87962,-9.13734,38.73800
2,-8.06817,38.61329,2017-01-02 10:27:35,32.8,5,-7.16543,38.87962,-9.13734,38.73800
2,-8.07540,38.61608,2017-01-02 10:27:57,32.16,5,-7.16543,38.87962,-9.13734,38.73800
2,-8.07892,38.61752,2017-01-02 10:28:07,34.97,5,-7.16543,38.87962,-9.13734,38.73800
2,-8.08909,38.62242,2017-01-02 10:28:38,33.81,5,-7.16543,38.87962,-9.13734,38.73800
2,-8.09106,38.62336,2017-01-02 10:28:44,32.85,5,-7.16543,38.87962,-9.13734,38.73800
2,-8.09374,38.62445,2017-01-02 10:28:52,32.64,5,-7.16543,38.87962,-9.13734,38.73800
2,-8.09648,38.62537,2017-01-02 10:29:00,32.12,5,-7.16543,38.87962,-9.13734,38.73800
2,-8.09894,38.62605,2017-01-02 10:29:07,32.31,5,-7.16543,38.87962,-9.13734,38.73800
2,-8.10556,38.62736,2017-01-02 10:29:25,32.88,5,-7.16543,38.87962,-9.13734,38.73800
2,-8.10811,38.62800,2017-01-02 10:29:32,33.64,5,-7.16543,38.87962,-9.13734,38.73800
2,-8.11060,38.62877,2017-01-02 10:29:39,32.89,5,-7.16543,38.87962,-9.13734,38.73800
2,-8.11266,38.62953,2017-01-02 10:29:45,33.07,5,-7.16543,38.87962,-9.13734,38.73800
2,-8.11466,38.63038,2017-01-02 10:29:51,32.75,5,-7.16543,38.87962,-9.13734,38.73800
2,-8.11692,38.63149,2017-01-02 10:29:58,33.58,5,-7.16543,38.87962,-9.13734,38.73800
2,-8.11884,38.63255,2017-01-02 10:30:04,34.36,5,-7.16543,38.87962,-9.13734,38.73800
2,-8.12272,38.63509,2017-01-02 10:30:17,33.54,5,-7.16543,38.87962,-9.13734,38.73800
2,-8.12487,38.63639,2017-01-02 10:30:24,32.87,5,-7.16543,38.87962,-9.13734,38.73800
2,-8.12679,38.63740,2017-01-02 10:30:30,33.59,5,-7.16543,38.87962,-9.13734,38.73800
2,-8.12914,38.63850,2017-01-02 10:30:37,33.97,5,-7.16543,38.87962,-9.13734,38.73800
2,-8.13155,38.63944,2017-01-02 10:30:44,33.14,5,-7.16543,38.87962,-9.13734,38.73800
2,-8.13366,38.64014,2017-01-02 10:30:50,33.3,5,-7.16543,38.87962,-9.13734,38.73800
2,-8.13622,38.64085,2017-01-02 10:30:57,34.12,5,-7.16543,38.87962,-9.13734,38.73800
2,-8.14035,38.64171,2017-01-02 10:31:08,32.76,5,-7.16543,38.87962,-9.13734,38.73800
2,-8.14087,38.64180,2017-01-02 10:31:09,46.01,5,-7.16543,38.87962,-9.13734,38.73800
2,-8.14289,38.64219,2017-01-02 10:31:15,31.09,5,-7.16543,38.87962,-9.13734,38.73800
2,-8.14502,38.64272,2017-01-02 10:31:21,32.99,5,-7.16543,38.87962,-9.13734,38.73800
2,-8.14717,38.64336,2017-01-02 10:31:27,33.32,5,-7.16543,38.87962,-9.13734,38.73800
2,-8.14968,38.64423,2017-01-02 10:31:34,34.48,5,-7.16543,38.87962,-9.13734,38.73800
2,-8.15207,38.64525,2017-01-02 10:31:41,33.76,5,-7.16543,38.87962,-9.13734,38.73800
2,-8.15440,38.64640,2017-01-02 10:31:48,35.02,5,-7.16543,38.87962,-9.13734,38.73800
2,-8.15634,38.64748,2017-01-02 10:31:54,34.12,5,-7.16543,38.87962,-9.13734,38.73800
2,-8.15841,38.64879,2017-01-02 10:32:01,32.89,5,-7.16543,38.87962,-9.13734,38.73800
2,-8.16035,38.65022,2017-01-02 10:32:08,32.89,5,-7.16543,38.87962,-9.13734,38.73800
2,-8.16213,38.65169,2017-01-02 10:32:15,31.45,5,-7.16543,38.87962,-9.13734,38.73800
2,-8.16422,38.65367,2017-01-02 10:32:24,31.89,5,-7.16543,38.87962,-9.13734,38.73800
2,-8.16571,38.65534,2017-01-02 10:32:31,32.82,5,-7.16543,38.87962,-9.13734,38.73800
2,-8.16728,38.65732,2017-01-02 10:32:39,32.15,5,-7.16543,38.87962,-9.13734,38.73800
2,-8.17084,38.66273,2017-01-02 10:33:00,32.27,5,-7.16543,38.87962,-9.13734,38.73800
2,-8.17197,38.66424,2017-01-02 10:33:06,32.41,5,-7.16543,38.87962,-9.13734,38.73800
2,-8.17304,38.66543,2017-01-02 10:33:11,32.51,5,-7.16543,38.87962,-9.13734,38.73800
2,-8.17399,38.66633,2017-01-02 10:33:15,32.78,5,-7.16543,38.87962,-9.13734,38.73800
2,-8.17505,38.66716,2017-01-02 10:33:19,32.92,5,-7.16543,38.87962,-9.13734,38.73800
2,-8.17620,38.66793,2017-01-02 10:33:23,32.93,5,-7.16543,38.87962,-9.13734,38.73800
2,-8.17775,38.66879,2017-01-02 10:33:28,33.33,5,-7.16543,38.87962,-9.13734,38.73800
2,-8.17943,38.66953,2017-01-02 10:33:33,33.61,5,-7.16543,38.87962,-9.13734,38.73800
2,-8.18082,38.67003,2017-01-02 10:33:37,33.36,5,-7.16543,38.87962,-9.13734,38.73800
2,-8.18263,38.67052,2017-01-02 10:33:42,33.12,5,-7.16543,38.87962,-9.13734,38.73800
2,-8.18412,38.67080,2017-01-02 10:33:46,33.38,5,-7.16543,38.87962,-9.13734,38.73800
2,-8.18600,38.67100,2017-01-02 10:33:51,32.8,5,-7.16543,38.87962,-9.13734,38.73800
2,-8.18940,38.67111,2017-01-02 10:34:00,33.04,5,-7.16543,38.87962,-9.13734,38.73800
2,-8.20313,38.67070,2017-01-02 10:34:36,32.98,5,-7.16543,38.87962,-9.13734,38.73800
2,-8.20707,38.67058,2017-01-02 10:34:46,35.07,5,-7.16543,38.87962,-9.13734,38.73800
2,-8.21124,38.67046,2017-01-02 10:34:56,36.27,5,-7.16543,38.87962,-9.13734,38.73800
2,-8.21789,38.67027,2017-01-02 10:35:13,33.56,5,-7.16543,38.87962,-9.13734,38.73800
2,-8.22104,38.67011,2017-01-02 10:35:21,34.57,5,-7.16543,38.87962,-9.13734,38.73800
2,-8.22300,38.66994,2017-01-02 10:35:26,34.16,5,-7.16543,38.87962,-9.13734,38.73800
2,-8.22452,38.66975,2017-01-02 10:35:30,32.67,5,-7.16543,38.87962,-9.13734,38.73800
2,-8.22632,38.66940,2017-01-02 10:35:35,31.89,5,-7.16543,38.87962,-9.13734,38.73800
2,-8.22774,38.66903,2017-01-02 10:35:39,32.93,5,-7.16543,38.87962,-9.13734,38.73800
2,-8.22951,38.66843,2017-01-02 10:35:44,34.0,5,-7.16543,38.87962,-9.13734,38.73800
2,-8.23126,38.66772,2017-01-02 10:35:49,34.53,5,-7.16543,38.87962,-9.13734,38.73800
2,-8.23261,38.66706,2017-01-02 10:35:53,34.71,5,-7.16543,38.87962,-9.13734,38.73800
2,-8.23389,38.66632,2017-01-02 10:35:57,34.35,5,-7.16543,38.87962,-9.13734,38.73800
2,-8.23566,38.66510,2017-01-02 10:36:03,33.42,5,-7.16543,38.87962,-9.13734,38.73800
2,-8.24389,38.65813,2017-01-02 10:36:35,33.32,5,-7.16543,38.87962,-9.13734,38.73800
2,-8.24717,38.65526,2017-01-02 10:36:48,32.43,5,-7.16543,38.87962,-9.13734,38.73800
2,-8.24983,38.65294,2017-01-02 10:36:59,30.82,5,-7.16543,38.87962,-9.13734,38.73800
2,-8.25157,38.65157,2017-01-02 10:37:06,30.7,5,-7.16543,38.87962,-9.13734,38.73800
2,-8.25315,38.65045,2017-01-02 10:37:12,31.09,5,-7.16543,38.87962,-9.13734,38.73800
2,-8.25482,38.64940,2017-01-02 10:37:18,30.66,5,-7.16543,38.87962,-9.13734,38.73800
2,-8.25679,38.64831,2017-01-02 10:37:25,29.68,5,-7.16543,38.87962,-9.13734,38.73800
2,-8.25929,38.64708,2017-01-02 10:37:33,32.22,5,-7.16543,38.87962,-9.13734,38.73800
2,-8.26156,38.64611,2017-01-02 10:37:40,32.23,5,-7.16543,38.87962,-9.13734,38.73800
2,-8.26422,38.64517,2017-01-02 10:37:48,32.12,5,-7.16543,38.87962,-9.13734,38.73800
2,-8.26837,38.64397,2017-01-02 10:38:00,31.85,5,-7.16543,38.87962,-9.13734,38.73800
2,-8.27073,38.64320,2017-01-02 10:38:07,31.98,5,-7.16543,38.87962,-9.13734,38.73800
2,-8.28169,38.63864,2017-01-02 10:38:40,32.8,5,-7.16543,38.87962,-9.13734,38.73800
2,-8.28411,38.63775,2017-01-02 10:38:47,33.8,5,-7.16543,38.87962,-9.13734,38.73800
2,-8.28697,38.63689,2017-01-02 10:38:55,32.85,5,-7.16543,38.87962,-9.13734,38.73800
2,-8.28910,38.63637,2017-01-02 10:39:01,32.12,5,-7.16543,38.87962,-9.13734,38.73800
2,-8.29164,38.63588,2017-01-02 10:39:08,32.9,5,-7.16543,38.87962,-9.13734,38.73800
2,-8.29467,38.63547,2017-01-02 10:39:16,33.46,5,-7.16543,38.87962,-9.13734,38.73800
2,-8.29728,38.63526,2017-01-02 10:39:23,32.4,5,-7.16543,38.87962,-9.13734,38.73800
2,-8.29987,38.63517,2017-01-02 10:39:30,32.2,5,-7.16543,38.87962,-9.13734,38.73800
2,-8.31065,38.63558,2017-01-02 10:39:58,33.75,5,-7.16543,38.87962,-9.13734,38.73800
2,-8.32170,38.63612,2017-01-02 10:40:27,33.79,5,-7.16543,38.87962,-9.13734,38.73800
2,-8.32648,38.63631,2017-01-02 10:40:40,32.18,5,-7.16543,38.87962,-9.13734,38.73800
2,-8.32947,38.63647,2017-01-02 10:40:48,32.65,5,-7.16543,38.87962,-9.13734,38.73800
2,-8.33174,38.63671,2017-01-02 10:40:54,33.37,5,-7.16543,38.87962,-9.13734,38.73800
2,-8.33475,38.63718,2017-01-02 10:41:02,33.95,5,-7.16543,38.87962,-9.13734,38.73800
2,-8.33814,38.63790,2017-01-02 10:41:11,33.54,5,-7.16543,38.87962,-9.13734,38.73800
2,-8.34244,38.63899,2017-01-02 10:41:23,32.81,5,-7.16543,38.87962,-9.13734,38.73800
2,-8.34460,38.63942,2017-01-02 10:41:29,32.03,5,-7.16543,38.87962,-9.13734,38.73800
2,-8.34796,38.63990,2017-01-02 10:41:38,32.87,5,-7.16543,38.87962,-9.13734,38.73800
2,-8.35207,38.64027,2017-01-02 10:41:49,32.02,5,-7.16543,38.87962,-9.13734,38.73800
2,-8.35428,38.64054,2017-01-02 10:41:55,32.47,5,-7.16543,38.87962,-9.13734,38.73800
2,-8.35726,38.64107,2017-01-02 10:42:03,33.31,5,-7.16543,38.87962,-9.13734,38.73800
2,-8.35874,38.64139,2017-01-02 10:42:07,33.03,5,-7.16543,38.87962,-9.13734,38.73800
2,-8.35974,38.64162,2017-01-02 10:42:09,43.52,5,-7.16543,38.87962,-9.13734,38.73800
2,-8.36097,38.64193,2017-01-02 10:42:12,35.28,5,-7.16543,38.87962,-9.13734,38.73800
2,-8.36480,38.64315,2017-01-02 10:42:23,32.77,5,-7.16543,38.87962,-9.13734,38.73800
2,-8.36729,38.64384,2017-01-02 10:42:30,33.08,5,-7.16543,38.87962,-9.13734,38.73800
2,-8.37029,38.64446,2017-01-02 10:42:38,33.9,5,-7.16543,38.87962,-9.13734,38.73800
2,-8.37302,38.64490,2017-01-02 10:42:45,34.39,5,-7.16543,38.87962,-9.13734,38.73800
2,-8.37568,38.64516,2017-01-02 10:42:52,32.95,5,-7.16543,38.87962,-9.13734,38.73800
2,-8.37836,38.64529,2017-01-02 10:42:59,33.82,5,-7.16543,38.87962,-9.13734,38.73800
2,-8.38262,38.64523,2017-01-02 10:43:10,32.62,5,-7.16543,38.87962,-9.13734,38.73800
2,-8.38598,38.64528,2017-01-02 10:43:19,32.45,5,-7.16543,38.87962,-9.13734,38.73800
2,-8.38827,38.64543,2017-01-02 10:43:25,33.74,5,-7.16543,38.87962,-9.13734,38.73800
2,-8.38980,38.64560,2017-01-02 10:43:29,33.03,5,-7.16543,38.87962,-9.13734,38.73800
2,-8.39130,38.64581,2017-01-02 10:43:34,27.88,5,-7.16543,38.87962,-9.13734,38.73800
2,-8.39389,38.64625,2017-01-02 10:43:41,33.12,5,-7.16543,38.87962,-9.13734,38.73800
2,-8.39817,38.64729,2017-01-02 10:43:53,33.1,5,-7.16543,38.87962,-9.13734,38.73800
2,-8.40040,38.64778,2017-01-02 10:43:59,33.7,5,-7.16543,38.87962,-9.13734,38.73800
2,-8.40265,38.64815,2017-01-02 10:44:05,33.03,5,-7.16543,38.87962,-9.13734,38.73800
2,-8.40527,38.64845,2017-01-02 10:44:12,32.76,5,-7.16543,38.87962,-9.13734,38.73800
2,-8.40831,38.64864,2017-01-02 10:44:20,33.17,5,-7.16543,38.87962,-9.13734,38.73800
2,-8.41096,38.64865,2017-01-02 10:44:27,32.95,5,-7.16543,38.87962,-9.13734,38.73800
2,-8.41325,38.64857,2017-01-02 10:44:33,33.81,5,-7.16543,38.87962,-9.13734,38.73800
2,-8.42306,38.64750,2017-01-02 10:44:59,32.94,5,-7.16543,38.87962,-9.13734,38.73800
2,-8.42604,38.64711,2017-01-02 10:45:07,33.12,5,-7.16543,38.87962,-9.13734,38.73800
2,-8.44216,38.64445,2017-01-02 10:45:50,33.84,5,-7.16543,38.87962,-9.13734,38.73800
2,-8.44665,38.64373,2017-01-02 10:46:02,32.73,5,-7.16543,38.87962,-9.13734,38.73800
2,-8.46132,38.64214,2017-01-02 10:46:40,34.32,5,-7.16543,38.87962,-9.13734,38.73800
2,-8.47043,38.64079,2017-01-02 10:47:04,33.38,5,-7.16543,38.87962,-9.13734,38.73800
2,-8.47564,38.63999,2017-01-02 10:47:18,32.8,5,-7.16543,38.87962,-9.13734,38.73800
2,-8.47819,38.63964,2017-01-02 10:47:25,31.81,5,-7.16543,38.87962,-9.13734,38.73800
2,-8.48041,38.63944,2017-01-02 10:47:31,32.69,5,-7.16543,38.87962,-9.13734,38.73800
2,-8.48342,38.63936,2017-01-02 10:47:39,32.92,5,-7.16543,38.87962,-9.13734,38.73800
2,-8.48964,38.63954,2017-01-02 10:47:55,33.46,5,-7.16543,38.87962,-9.13734,38.73800
2,-8.49233,38.63956,2017-01-02 10:48:02,33.62,5,-7.16543,38.87962,-9.13734,38.73800
2,-8.49586,38.63940,2017-01-02 10:48:11,33.69,5,-7.16543,38.87962,-9.13734,38.73800
2,-8.49809,38.63917,2017-01-02 10:48:17,32.35,5,-7.16543,38.87962,-9.13734,38.73800
2,-8.50033,38.63883,2017-01-02 10:48:23,33.29,5,-7.16543,38.87962,-9.13734,38.73800
2,-8.50405,38.63802,2017-01-02 10:48:33,32.82,5,-7.16543,38.87962,-9.13734,38.73800
2,-8.51495,38.63527,2017-01-02 10:49:03,32.9,5,-7.16543,38.87962,-9.13734,38.73800
2,-8.51713,38.63481,2017-01-02 10:49:09,33.15,5,-7.16543,38.87962,-9.13734,38.73800
2,-8.52012,38.63435,2017-01-02 10:49:17,33.25,5,-7.16543,38.87962,-9.13734,38.73800
2,-8.52236,38.63413,2017-01-02 10:49:23,32.51,5,-7.16543,38.87962,-9.13734,38.73800
2,-8.53201,38.63386,2017-01-02 10:49:48,33.46,5,-7.16543,38.87962,-9.13734,38.73800
2,-8.53429,38.63375,2017-01-02 10:49:54,32.63,5,-7.16543,38.87962,-9.13734,38.73800
2,-8.53694,38.63346,2017-01-02 10:50:01,33.45,5,-7.16543,38.87962,-9.13734,38.73800
2,-8.53964,38.63303,2017-01-02 10:50:08,34.09,5,-7.16543,38.87962,-9.13734,38.73800
2,-8.54227,38.63247,2017-01-02 10:50:15,33.51,5,-7.16543,38.87962,-9.13734,38.73800
2,-8.54520,38.63168,2017-01-02 10:50:23,34.38,5,-7.16543,38.87962,-9.13734,38.73800
2,-8.54702,38.63110,2017-01-02 10:50:28,33.71,5,-7.16543,38.87962,-9.13734,38.73800
2,-8.55422,38.62830,2017-01-02 10:50:49,33.43,5,-7.16543,38.87962,-9.13734,38.73800
2,-8.55859,38.62665,2017-01-02 10:51:02,31.64,5,-7.16543,38.87962,-9.13734,38.73800
2,-8.56127,38.62572,2017-01-02 10:51:10,32.22,5,-7.16543,38.87962,-9.13734,38.73800
2,-8.56440,38.62487,2017-01-02 10:51:19,31.7,5,-7.16543,38.87962,-9.13734,38.73800
2,-8.56974,38.62375,2017-01-02 10:51:34,32.01,5,-7.16543,38.87962,-9.13734,38.73800
2,-8.57221,38.62324,2017-01-02 10:51:41,31.09,5,-7.16543,38.87962,-9.13734,38.73800
2,-8.57386,38.62290,2017-01-02 10:51:46,28.33,5,-7.16543,38.87962,-9.13734,38.73800
2,-8.57473,38.62274,2017-01-02 10:51:49,24.33,5,-7.16543,38.87962,-9.13734,38.73800
2,-8.57540,38.62261,2017-01-02 10:51:52,17.9,5,-7.16543,38.87962,-9.13734,38.73800
2,-8.57597,38.62251,2017-01-02 10:51:56,10.66,5,-7.16543,38.87962,-9.13734,38.73800
2,-8.57687,38.62293,2017-01-02 10:52:05,9.04,5,-7.16543,38.87962,-9.13734,38.73800
2,-8.57714,38.62296,2017-01-02 10:52:08,7.89,5,-7.16543,38.87962,-9.13734,38.73800
2,-8.57749,38.62273,2017-01-02 10:52:13,7.26,5,-7.16543,38.87962,-9.13734,38.73800
2,-8.57759,38.62267,2017-01-02 10:52:15,4.77,5,-7.16543,38.87962,-9.13734,38.73800
2,-8.57764,38.62267,2017-01-02 10:52:55,0.12,5,-7.16543,38.87962,-9.13734,38.73800
2,-8.57768,38.62259,2017-01-02 10:53:00,3.31,5,-7.16543,38.87962,-9.13734,38.73800
2,-8.57779,38.62240,2017-01-02 10:53:04,6.89,5,-7.16543,38.87962,-9.13734,38.73800
2,-8.57804,38.62224,2017-01-02 10:53:08,7.5,5,-7.16543,38.87962,-9.13734,38.73800
2,-8.57905,38.62206,2017-01-02 10:53:17,11.62,5,-7.16543,38.87962,-9.13734,38.73800
2,-8.57951,38.62195,2017-01-02 10:53:21,9.2,5,-7.16543,38.87962,-9.13734,38.73800
2,-8.57982,38.62164,2017-01-02 10:53:26,9.65,5,-7.16543,38.87962,-9.13734,38.73800
2,-8.58012,38.62147,2017-01-02 10:53:29,11.69,5,-7.16543,38.87962,-9.13734,38.73800
2,-8.58075,38.62128,2017-01-02 10:53:33,15.76,5,-7.16543,38.87962,-9.13734,38.73800
2,-8.58153,38.62108,2017-01-02 10:53:37,19.51,5,-7.16543,38.87962,-9.13734,38.73800
2,-8.58250,38.62082,2017-01-02 10:53:41,23.67,5,-7.16543,38.87962,-9.13734,38.73800
2,-8.58418,38.62039,2017-01-02 10:53:47,26.42,5,-7.16543,38.87962,-9.13734,38.73800
2,-8.58602,38.61992,2017-01-02 10:53:53,29.36,5,-7.16543,38.87962,-9.13734,38.73800
2,-8.58899,38.61912,2017-01-02 10:54:02,30.65,5,-7.16543,38.87962,-9.13734,38.73800
2,-8.59290,38.61815,2017-01-02 10:54:13,32.08,5,-7.16543,38.87962,-9.13734,38.73800
2,-8.60186,38.61630,2017-01-02 10:54:38,32.08,5,-7.16543,38.87962,-9.13734,38.73800
2,-8.62202,38.61219,2017-01-02 10:55:35,32.61,5,-7.16543,38.87962,-9.13734,38.73800
2,-8.62516,38.61155,2017-01-02 10:55:44,30.71,5,-7.16543,38.87962,-9.13734,38.73800
2,-8.62816,38.61083,2017-01-02 10:55:53,29.7,5,-7.16543,38.87962,-9.13734,38.73800
2,-8.63108,38.60990,2017-01-02 10:56:02,31.38,5,-7.16543,38.87962,-9.13734,38.73800
2,-8.64206,38.60609,2017-01-02 10:56:35,32.29,5,-7.16543,38.87962,-9.13734,38.73800
2,-8.64741,38.60404,2017-01-02 10:56:51,32.27,5,-7.16543,38.87962,-9.13734,38.73800
2,-8.64904,38.60340,2017-01-02 10:56:56,31.54,5,-7.16543,38.87962,-9.13734,38.73800
2,-8.65002,38.60304,2017-01-02 10:56:59,30.67,5,-7.16543,38.87962,-9.13734,38.73800
2,-8.65102,38.60278,2017-01-02 10:57:02,29.79,5,-7.16543,38.87962,-9.13734,38.73800
2,-8.66098,38.60217,2017-01-02 10:57:30,30.85,5,-7.16543,38.87962,-9.13734,38.73800
2,-8.66785,38.60170,2017-01-02 10:57:49,31.5,5,-7.16543,38.87962,-9.13734,38.73800
2,-8.67939,38.60095,2017-01-02 10:58:20,32.01,5,-7.16543,38.87962,-9.13734,38.73800
2,-8.68347,38.60063,2017-01-02 10:58:31,33.32,5,-7.16543,38.87962,-9.13734,38.73800
2,-8.68568,38.60038,2017-01-02 10:58:37,32.33,5,-7.16543,38.87962,-9.13734,38.73800
2,-8.68879,38.59977,2017-01-02 10:58:46,31.04,5,-7.16543,38.87962,-9.13734,38.73800
2,-8.69196,38.59894,2017-01-02 10:58:55,32.43,5,-7.16543,38.87962,-9.13734,38.73800
2,-8.69473,38.59802,2017-01-02 10:59:03,32.51,5,-7.16543,38.87962,-9.13734,38.73800
2,-8.69828,38.59715,2017-01-02 10:59:13,32.9,5,-7.16543,38.87962,-9.13734,38.73800
2,-8.70077,38.59670,2017-01-02 10:59:20,31.32,5,-7.16543,38.87962,-9.13734,38.73800
2,-8.70402,38.59635,2017-01-02 10:59:29,31.57,5,-7.16543,38.87962,-9.13734,38.73800
2,-8.70696,38.59623,2017-01-02 10:59:37,32.11,5,-7.16543,38.87962,-9.13734,38.73800
2,-8.70957,38.59628,2017-01-02 10:59:44,32.0,5,-7.16543,38.87962,-9.13734,38.73800
2,-8.71213,38.59648,2017-01-02 10:59:51,32.55,5,-7.16543,38.87962,-9.13734,38.73800
2,-8.71468,38.59682,2017-01-02 10:59:58,31.33,5,-7.16543,38.87962,-9.13734,38.73800
2,-8.71709,38.59731,2017-01-02 11:00:05,30.79,5,-7.16543,38.87962,-9.13734,38.73800
2,-8.71959,38.59795,2017-01-02 11:00:12,33.13,5,-7.16543,38.87962,-9.13734,38.73800
2,-8.72134,38.59851,2017-01-02 11:00:17,32.9,5,-7.16543,38.87962,-9.13734,38.73800
2,-8.72470,38.59986,2017-01-02 11:00:27,31.64,5,-7.16543,38.87962,-9.13734,38.73800
2,-8.72662,38.60061,2017-01-02 11:00:33,31.62,5,-7.16543,38.87962,-9.13734,38.73800
2,-8.72839,38.60108,2017-01-02 11:00:38,32.81,5,-7.16543,38.87962,-9.13734,38.73800
2,-8.73021,38.60141,2017-01-02 11:00:43,31.92,5,-7.16543,38.87962,-9.13734,38.73800
2,-8.73130,38.60153,2017-01-02 11:00:46,32.09,5,-7.16543,38.87962,-9.13734,38.73800
2,-8.73277,38.60156,2017-01-02 11:00:50,31.62,5,-7.16543,38.87962,-9.13734,38.73800
2,-8.73425,38.60146,2017-01-02 11:00:54,32.19,5,-7.16543,38.87962,-9.13734,38.73800
2,-8.73573,38.60126,2017-01-02 11:00:58,32.82,5,-7.16543,38.87962,-9.13734,38.73800
2,-8.73717,38.60092,2017-01-02 11:01:02,32.83,5,-7.16543,38.87962,-9.13734,38.73800
2,-8.73857,38.60049,2017-01-02 11:01:06,32.74,5,-7.16543,38.87962,-9.13734,38.73800
2,-8.73989,38.59995,2017-01-02 11:01:10,32.38,5,-7.16543,38.87962,-9.13734,38.73800
2,-8.74115,38.59932,2017-01-02 11:01:14,32.29,5,-7.16543,38.87962,-9.13734,38.73800
2,-8.74483,38.59691,2017-01-02 11:01:27,32.03,5,-7.16543,38.87962,-9.13734,38.73800
2,-8.74600,38.59619,2017-01-02 11:01:31,32.82,5,-7.16543,38.87962,-9.13734,38.73800
2,-8.74791,38.59520,2017-01-02 11:01:37,33.24,5,-7.16543,38.87962,-9.13734,38.73800
2,-8.75117,38.59378,2017-01-02 11:01:47,31.85,5,-7.16543,38.87962,-9.13734,38.73800
2,-8.75287,38.59315,2017-01-02 11:01:52,33.47,5,-7.16543,38.87962,-9.13734,38.73800
2,-8.75537,38.59240,2017-01-02 11:01:59,32.82,5,-7.16543,38.87962,-9.13734,38.73800
2,-8.75896,38.59156,2017-01-02 11:02:09,32.54,5,-7.16543,38.87962,-9.13734,38.73800
2,-8.76073,38.59110,2017-01-02 11:02:14,32.08,5,-7.16543,38.87962,-9.13734,38.73800
2,-8.76309,38.59034,2017-01-02 11:02:21,32.04,5,-7.16543,38.87962,-9.13734,38.73800
2,-8.76924,38.58776,2017-01-02 11:02:40,31.71,5,-7.16543,38.87962,-9.13734,38.73800
2,-8.77055,38.58729,2017-01-02 11:02:44,31.23,5,-7.16543,38.87962,-9.13734,38.73800
2,-8.77192,38.58693,2017-01-02 11:02:48,31.55,5,-7.16543,38.87962,-9.13734,38.73800
2,-8.77336,38.58666,2017-01-02 11:02:52,32.53,5,-7.16543,38.87962,-9.13734,38.73800
2,-8.77483,38.58648,2017-01-02 11:02:56,32.29,5,-7.16543,38.87962,-9.13734,38.73800
2,-8.78001,38.58655,2017-01-02 11:03:10,32.8,5,-7.16543,38.87962,-9.13734,38.73800
2,-8.78190,38.58654,2017-01-02 11:03:15,32.7,5,-7.16543,38.87962,-9.13734,38.73800
2,-8.78340,38.58641,2017-01-02 11:03:19,32.68,5,-7.16543,38.87962,-9.13734,38.73800
2,-8.78522,38.58607,2017-01-02 11:03:24,32.97,5,-7.16543,38.87962,-9.13734,38.73800
2,-8.78701,38.58561,2017-01-02 11:03:29,32.29,5,-7.16543,38.87962,-9.13734,38.73800
2,-8.79132,38.58396,2017-01-02 11:03:42,32.66,5,-7.16543,38.87962,-9.13734,38.73800
2,-8.79271,38.58352,2017-01-02 11:03:46,32.61,5,-7.16543,38.87962,-9.13734,38.73800
2,-8.79417,38.58319,2017-01-02 11:03:50,33.09,5,-7.16543,38.87962,-9.13734,38.73800
2,-8.79565,38.58298,2017-01-02 11:03:54,32.28,5,-7.16543,38.87962,-9.13734,38.73800
2,-8.79711,38.58293,2017-01-02 11:03:58,31.91,5,-7.16543,38.87962,-9.13734,38.73800
2,-8.79856,38.58298,2017-01-02 11:04:02,31.77,5,-7.16543,38.87962,-9.13734,38.73800
2,-8.80036,38.58319,2017-01-02 11:04:07,31.27,5,-7.16543,38.87962,-9.13734,38.73800
2,-8.80325,38.58380,2017-01-02 11:04:15,32.43,5,-7.16543,38.87962,-9.13734,38.73800
2,-8.80620,38.58425,2017-01-02 11:04:23,32.9,5,-7.16543,38.87962,-9.13734,38.73800
2,-8.80882,38.58452,2017-01-02 11:04:30,32.62,5,-7.16543,38.87962,-9.13734,38.73800
2,-8.81144,38.58467,2017-01-02 11:04:37,32.59,5,-7.16543,38.87962,-9.13734,38.73800
2,-8.81669,38.58464,2017-01-02 11:04:51,32.62,5,-7.16543,38.87962,-9.13734,38.73800
2,-8.81897,38.58469,2017-01-02 11:04:57,33.48,5,-7.16543,38.87962,-9.13734,38.73800
2,-8.82086,38.58483,2017-01-02 11:05:02,32.55,5,-7.16543,38.87962,-9.13734,38.73800
2,-8.82271,38.58509,2017-01-02 11:05:07,32.95,5,-7.16543,38.87962,-9.13734,38.73800
2,-8.82847,38.58652,2017-01-02 11:05:23,32.68,5,-7.16543,38.87962,-9.13734,38.73800
2,-8.83068,38.58699,2017-01-02 11:05:29,32.77,5,-7.16543,38.87962,-9.13734,38.73800
2,-8.83215,38.58718,2017-01-02 11:05:33,32.28,5,-7.16543,38.87962,-9.13734,38.73800
2,-8.83365,38.58728,2017-01-02 11:05:37,32.61,5,-7.16543,38.87962,-9.13734,38.73800
2,-8.83554,38.58728,2017-01-02 11:05:42,32.99,5,-7.16543,38.87962,-9.13734,38.73800
2,-8.83774,38.58713,2017-01-02 11:05:48,31.05,5,-7.16543,38.87962,-9.13734,38.73800
2,-8.83987,38.58678,2017-01-02 11:05:54,32.28,5,-7.16543,38.87962,-9.13734,38.73800
2,-8.84436,38.58563,2017-01-02 11:06:07,31.49,5,-7.16543,38.87962,-9.13734,38.73800
2,-8.84714,38.58498,2017-01-02 11:06:15,31.56,5,-7.16543,38.87962,-9.13734,38.73800
2,-8.85069,38.58442,2017-01-02 11:06:25,31.49,5,-7.16543,38.87962,-9.13734,38.73800
2,-8.85249,38.58418,2017-01-02 11:06:30,31.49,5,-7.16543,38.87962,-9.13734,38.73800
2,-8.85356,38.58410,2017-01-02 11:06:33,31.1,5,-7.16543,38.87962,-9.13734,38.73800
2,-8.85497,38.58413,2017-01-02 11:06:37,30.44,5,-7.16543,38.87962,-9.13734,38.73800
2,-8.85604,38.58426,2017-01-02 11:06:40,31.62,5,-7.16543,38.87962,-9.13734,38.73800
2,-8.85747,38.58459,2017-01-02 11:06:44,32.36,5,-7.16543,38.87962,-9.13734,38.73800
2,-8.85883,38.58504,2017-01-02 11:06:48,32.1,5,-7.16543,38.87962,-9.13734,38.73800
2,-8.85981,38.58546,2017-01-02 11:06:51,32.14,5,-7.16543,38.87962,-9.13734,38.73800
2,-8.86127,38.58630,2017-01-02 11:06:56,31.11,5,-7.16543,38.87962,-9.13734,38.73800
2,-8.86232,38.58710,2017-01-02 11:07:00,32.0,5,-7.16543,38.87962,-9.13734,38.73800
2,-8.86302,38.58776,2017-01-02 11:07:03,31.5,5,-7.16543,38.87962,-9.13734,38.73800
2,-8.86360,38.58847,2017-01-02 11:07:06,31.41,5,-7.16543,38.87962,-9.13734,38.73800
2,-8.86426,38.58949,2017-01-02 11:07:10,31.51,5,-7.16543,38.87962,-9.13734,38.73800
2,-8.86475,38.59058,2017-01-02 11:07:14,32.51,5,-7.16543,38.87962,-9.13734,38.73800
2,-8.86506,38.59172,2017-01-02 11:07:18,32.05,5,-7.16543,38.87962,-9.13734,38.73800
2,-8.86560,38.59717,2017-01-02 11:07:37,32.42,5,-7.16543,38.87962,-9.13734,38.73800
2,-8.86739,38.61446,2017-01-02 11:08:36,32.61,5,-7.16543,38.87962,-9.13734,38.73800
2,-8.86753,38.61591,2017-01-02 11:08:41,32.46,5,-7.16543,38.87962,-9.13734,38.73800
2,-8.86758,38.61670,2017-01-02 11:08:43,42.61,5,-7.16543,38.87962,-9.13734,38.73800
2,-8.86760,38.61770,2017-01-02 11:08:46,34.95,5,-7.16543,38.87962,-9.13734,38.73800
2,-8.86752,38.61975,2017-01-02 11:08:53,32.4,5,-7.16543,38.87962,-9.13734,38.73800
2,-8.86729,38.62179,2017-01-02 11:09:00,32.54,5,-7.16543,38.87962,-9.13734,38.73800
2,-8.86655,38.62552,2017-01-02 11:09:13,31.97,5,-7.16543,38.87962,-9.13734,38.73800
2,-8.86625,38.62719,2017-01-02 11:09:19,30.63,5,-7.16543,38.87962,-9.13734,38.73800
2,-8.86616,38.62859,2017-01-02 11:09:24,31.29,5,-7.16543,38.87962,-9.13734,38.73800
2,-8.86627,38.62998,2017-01-02 11:09:29,31.14,5,-7.16543,38.87962,-9.13734,38.73800
2,-8.86650,38.63109,2017-01-02 11:09:33,31.56,5,-7.16543,38.87962,-9.13734,38.73800
2,-8.86698,38.63247,2017-01-02 11:09:38,32.2,5,-7.16543,38.87962,-9.13734,38.73800
2,-8.86747,38.63355,2017-01-02 11:09:42,31.2,5,-7.16543,38.87962,-9.13734,38.73800
2,-8.86827,38.63479,2017-01-02 11:09:47,30.66,5,-7.16543,38.87962,-9.13734,38.73800
2,-8.86926,38.63600,2017-01-02 11:09:52,32.78,5,-7.16543,38.87962,-9.13734,38.73800
2,-8.87041,38.63722,2017-01-02 11:09:57,33.18,5,-7.16543,38.87962,-9.13734,38.73800
2,-8.87141,38.63809,2017-01-02 11:10:01,32.5,5,-7.16543,38.87962,-9.13734,38.73800
2,-8.87280,38.63908,2017-01-02 11:10:06,32.29,5,-7.16543,38.87962,-9.13734,38.73800
2,-8.87899,38.64234,2017-01-02 11:10:26,31.52,5,-7.16543,38.87962,-9.13734,38.73800
2,-8.88056,38.64319,2017-01-02 11:10:31,33.45,5,-7.16543,38.87962,-9.13734,38.73800
2,-8.88203,38.64410,2017-01-02 11:10:36,31.46,5,-7.16543,38.87962,-9.13734,38.73800
2,-8.88361,38.64529,2017-01-02 11:10:42,31.81,5,-7.16543,38.87962,-9.13734,38.73800
2,-8.88483,38.64636,2017-01-02 11:10:47,31.93,5,-7.16543,38.87962,-9.13734,38.73800
2,-8.88611,38.64773,2017-01-02 11:10:53,30.7,5,-7.16543,38.87962,-9.13734,38.73800
2,-8.89077,38.65420,2017-01-02 11:11:19,31.74,5,-7.16543,38.87962,-9.13734,38.73800
2,-8.89217,38.65619,2017-01-02 11:11:27,31.72,5,-7.16543,38.87962,-9.13734,38.73800
2,-8.89311,38.65773,2017-01-02 11:11:33,31.26,5,-7.16543,38.87962,-9.13734,38.73800
2,-8.89354,38.65876,2017-01-02 11:11:37,29.08,5,-7.16543,38.87962,-9.13734,38.73800
2,-8.89391,38.65971,2017-01-02 11:11:41,26.32,5,-7.16543,38.87962,-9.13734,38.73800
2,-8.89423,38.66053,2017-01-02 11:11:45,22.57,5,-7.16543,38.87962,-9.13734,38.73800
2,-8.89448,38.66120,2017-01-02 11:11:49,18.06,5,-7.16543,38.87962,-9.13734,38.73800
2,-8.89463,38.66178,2017-01-02 11:11:53,14.98,5,-7.16543,38.87962,-9.13734,38.73800
2,-8.89475,38.66256,2017-01-02 11:12:00,12.89,5,-7.16543,38.87962,-9.13734,38.73800
2,-8.89478,38.66295,2017-01-02 11:12:03,15.74,5,-7.16543,38.87962,-9.13734,38.73800
2,-8.89479,38.66359,2017-01-02 11:12:07,19.34,5,-7.16543,38.87962,-9.13734,38.73800
2,-8.89474,38.66456,2017-01-02 11:12:12,22.63,5,-7.16543,38.87962,-9.13734,38.73800
2,-8.89464,38.66565,2017-01-02 11:12:17,25.0,5,-7.16543,38.87962,-9.13734,38.73800
2,-8.89448,38.66735,2017-01-02 11:12:24,28.33,5,-7.16543,38.87962,-9.13734,38.73800
2,-8.89428,38.66968,2017-01-02 11:12:33,29.47,5,-7.16543,38.87962,-9.13734,38.73800
2,-8.89381,38.67542,2017-01-02 11:12:53,31.95,5,-7.16543,38.87962,-9.13734,38.73800
2,-8.89376,38.67658,2017-01-02 11:12:57,32.21,5,-7.16543,38.87962,-9.13734,38.73800
2,-8.89388,38.67834,2017-01-02 11:13:03,32.87,5,-7.16543,38.87962,-9.13734,38.73800
2,-8.89416,38.67979,2017-01-02 11:13:08,32.23,5,-7.16543,38.87962,-9.13734,38.73800
2,-8.89473,38.68146,2017-01-02 11:13:14,32.24,5,-7.16543,38.87962,-9.13734,38.73800
2,-8.90249,38.69772,2017-01-02 11:14:15,31.65,5,-7.16543,38.87962,-9.13734,38.73800
2,-8.90394,38.70069,2017-01-02 11:14:26,32.1,5,-7.16543,38.87962,-9.13734,38.73800
2,-8.90473,38.70263,2017-01-02 11:14:33,32.29,5,-7.16543,38.87962,-9.13734,38.73800
2,-8.90614,38.70726,2017-01-02 11:14:50,30.86,5,-7.16543,38.87962,-9.13734,38.73800
2,-8.90678,38.70920,2017-01-02 11:14:57,31.93,5,-7.16543,38.87962,-9.13734,38.73800
2,-8.90724,38.71027,2017-01-02 11:15:01,31.29,5,-7.16543,38.87962,-9.13734,38.73800
2,-8.90803,38.71153,2017-01-02 11:15:06,31.34,5,-7.16543,38.87962,-9.13734,38.73800
2,-8.90896,38.71269,2017-01-02 11:15:11,29.95,5,-7.16543,38.87962,-9.13734,38.73800
2,-8.91321,38.71646,2017-01-02 11:15:29,30.62,5,-7.16543,38.87962,-9.13734,38.73800
2,-8.91442,38.71748,2017-01-02 11:15:34,30.64,5,-7.16543,38.87962,-9.13734,38.73800
2,-8.91544,38.71823,2017-01-02 11:15:38,30.23,5,-7.16543,38.87962,-9.13734,38.73800
2,-8.91628,38.71872,2017-01-02 11:15:41,30.3,5,-7.16543,38.87962,-9.13734,38.73800
2,-8.91752,38.71929,2017-01-02 11:15:45,32.0,5,-7.16543,38.87962,-9.13734,38.73800
2,-8.91888,38.71969,2017-01-02 11:15:49,31.8,5,-7.16543,38.87962,-9.13734,38.73800
2,-8.92032,38.71995,2017-01-02 11:15:53,31.85,5,-7.16543,38.87962,-9.13734,38.73800
2,-8.92178,38.72007,2017-01-02 11:15:57,31.33,5,-7.16543,38.87962,-9.13734,38.73800
2,-8.92323,38.72003,2017-01-02 11:16:01,31.46,5,-7.16543,38.87962,-9.13734,38.73800
2,-8.92462,38.71987,2017-01-02 11:16:05,29.59,5,-7.16543,38.87962,-9.13734,38.73800
2,-8.92592,38.71954,2017-01-02 11:16:09,29.73,5,-7.16543,38.87962,-9.13734,38.73800
2,-8.92870,38.71847,2017-01-02 11:16:18,30.01,5,-7.16543,38.87962,-9.13734,38.73800
2,-8.93028,38.71789,2017-01-02 11:16:23,31.45,5,-7.16543,38.87962,-9.13734,38.73800
2,-8.93168,38.71750,2017-01-02 11:16:27,32.94,5,-7.16543,38.87962,-9.13734,38.73800
2,-8.93314,38.71726,2017-01-02 11:16:31,31.47,5,-7.16543,38.87962,-9.13734,38.73800
2,-8.93460,38.71715,2017-01-02 11:16:35,32.03,5,-7.16543,38.87962,-9.13734,38.73800
2,-8.93974,38.71745,2017-01-02 11:16:49,32.48,5,-7.16543,38.87962,-9.13734,38.73800
2,-8.94193,38.71752,2017-01-02 11:16:55,31.86,5,-7.16543,38.87962,-9.13734,38.73800
2,-8.94493,38.71729,2017-01-02 11:17:03,33.12,5,-7.16543,38.87962,-9.13734,38.73800
2,-8.94682,38.71722,2017-01-02 11:17:08,32.65,5,-7.16543,38.87962,-9.13734,38.73800
2,-8.94872,38.71729,2017-01-02 11:17:13,32.59,5,-7.16543,38.87962,-9.13734,38.73800
2,-8.95016,38.71746,2017-01-02 11:17:17,31.86,5,-7.16543,38.87962,-9.13734,38.73800
2,-8.95159,38.71774,2017-01-02 11:17:21,32.09,5,-7.16543,38.87962,-9.13734,38.73800
2,-8.95300,38.71812,2017-01-02 11:17:25,31.92,5,-7.16543,38.87962,-9.13734,38.73800
2,-8.95368,38.71833,2017-01-02 11:17:27,31.78,5,-7.16543,38.87962,-9.13734,38.73800
2,-8.95580,38.71903,2017-01-02 11:17:35,26.38,5,-7.16543,38.87962,-9.13734,38.73800
2,-8.95676,38.71938,2017-01-02 11:17:39,20.95,5,-7.16543,38.87962,-9.13734,38.73800
2,-8.95756,38.71965,2017-01-02 11:17:43,17.68,5,-7.16543,38.87962,-9.13734,38.73800
2,-8.95886,38.72011,2017-01-02 11:17:53,11.5,5,-7.16543,38.87962,-9.13734,38.73800
2,-8.95948,38.72028,2017-01-02 11:17:57,16.09,5,-7.16543,38.87962,-9.13734,38.73800
2,-8.96029,38.72051,2017-01-02 11:18:01,20.08,5,-7.16543,38.87962,-9.13734,38.73800
2,-8.96151,38.72088,2017-01-02 11:18:06,24.48,5,-7.16543,38.87962,-9.13734,38.73800
2,-8.96324,38.72143,2017-01-02 11:18:12,27.63,5,-7.16543,38.87962,-9.13734,38.73800
2,-8.96479,38.72194,2017-01-02 11:18:17,30.17,5,-7.16543,38.87962,-9.13734,38.73800
2,-8.97151,38.72414,2017-01-02 11:18:36,33.12,5,-7.16543,38.87962,-9.13734,38.73800
2,-8.97327,38.72465,2017-01-02 11:18:41,32.22,5,-7.16543,38.87962,-9.13734,38.73800
2,-8.97504,38.72505,2017-01-02 11:18:46,32.06,5,-7.16543,38.87962,-9.13734,38.73800
2,-8.97691,38.72534,2017-01-02 11:18:51,33.7,5,-7.16543,38.87962,-9.13734,38.73800
2,-8.98242,38.72575,2017-01-02 11:19:05,33.57,5,-7.16543,38.87962,-9.13734,38.73800
2,-8.98428,38.72594,2017-01-02 11:19:10,31.91,5,-7.16543,38.87962,-9.13734,38.73800
2,-8.98572,38.72619,2017-01-02 11:19:14,31.99,5,-7.16543,38.87962,-9.13734,38.73800
2,-8.98785,38.72671,2017-01-02 11:19:20,31.73,5,-7.16543,38.87962,-9.13734,38.73800
2,-8.98956,38.72728,2017-01-02 11:19:25,32.63,5,-7.16543,38.87962,-9.13734,38.73800
2,-8.99193,38.72823,2017-01-02 11:19:32,33.1,5,-7.16543,38.87962,-9.13734,38.73800
2,-9.00013,38.73189,2017-01-02 11:19:57,33.64,5,-7.16543,38.87962,-9.13734,38.73800
2,-9.00203,38.73281,2017-01-02 11:20:03,31.76,5,-7.16543,38.87962,-9.13734,38.73800
2,-9.00509,38.73452,2017-01-02 11:20:13,33.11,5,-7.16543,38.87962,-9.13734,38.73800
2,-9.00773,38.73616,2017-01-02 11:20:22,31.77,5,-7.16543,38.87962,-9.13734,38.73800
2,-9.01779,38.74353,2017-01-02 11:20:59,32.24,5,-7.16543,38.87962,-9.13734,38.73800
2,-9.02772,38.75087,2017-01-02 11:21:35,32.9,5,-7.16543,38.87962,-9.13734,38.73800
2,-9.03648,38.75747,2017-01-02 11:22:09,30.58,5,-7.16543,38.87962,-9.13734,38.73800
2,-9.04650,38.76484,2017-01-02 11:22:46,31.86,5,-7.16543,38.87962,-9.13734,38.73800
2,-9.05050,38.76783,2017-01-02 11:23:00,34.91,5,-7.16543,38.87962,-9.13734,38.73800
2,-9.06017,38.77509,2017-01-02 11:23:36,32.33,5,-7.16543,38.87962,-9.13734,38.73800
2,-9.06455,38.77833,2017-01-02 11:23:52,32.89,5,-7.16543,38.87962,-9.13734,38.73800
2,-9.06651,38.77973,2017-01-02 11:23:59,33.4,5,-7.16543,38.87962,-9.13734,38.73800
2,-9.06793,38.78067,2017-01-02 11:24:04,30.95,5,-7.16543,38.87962,-9.13734,38.73800
2,-9.06933,38.78148,2017-01-02 11:24:09,30.42,5,-7.16543,38.87962,-9.13734,38.73800
2,-9.07111,38.78236,2017-01-02 11:24:15,30.16,5,-7.16543,38.87962,-9.13734,38.73800
2,-9.07326,38.78325,2017-01-02 11:24:22,30.27,5,-7.16543,38.87962,-9.13734,38.73800
2,-9.07545,38.78399,2017-01-02 11:24:29,29.13,5,-7.16543,38.87962,-9.13734,38.73800
2,-9.07730,38.78450,2017-01-02 11:24:35,28.28,5,-7.16543,38.87962,-9.13734,38.73800
2,-9.07921,38.78488,2017-01-02 11:24:41,28.27,5,-7.16543,38.87962,-9.13734,38.73800
2,-9.08183,38.78525,2017-01-02 11:24:49,29.27,5,-7.16543,38.87962,-9.13734,38.73800
2,-9.08464,38.78551,2017-01-02 11:24:57,31.36,5,-7.16543,38.87962,-9.13734,38.73800
2,-9.08980,38.78609,2017-01-02 11:25:11,32.73,5,-7.16543,38.87962,-9.13734,38.73800
2,-9.09368,38.78656,2017-01-02 11:25:21,33.64,5,-7.16543,38.87962,-9.13734,38.73800
2,-9.09604,38.78680,2017-01-02 11:25:27,33.8,5,-7.16543,38.87962,-9.13734,38.73800
2,-9.09718,38.78685,2017-01-02 11:25:30,32.97,5,-7.16543,38.87962,-9.13734,38.73800
2,-9.09896,38.78678,2017-01-02 11:25:35,30.5,5,-7.16543,38.87962,-9.13734,38.73800
2,-9.10161,38.78653,2017-01-02 11:25:43,28.6,5,-7.16543,38.87962,-9.13734,38.73800
2,-9.10318,38.78642,2017-01-02 11:25:48,25.96,5,-7.16543,38.87962,-9.13734,38.73800
2,-9.10430,38.78631,2017-01-02 11:25:52,24.21,5,-7.16543,38.87962,-9.13734,38.73800
2,-9.10532,38.78623,2017-01-02 11:25:56,21.38,5,-7.16543,38.87962,-9.13734,38.73800
2,-9.10601,38.78620,2017-01-02 11:25:59,18.72,5,-7.16543,38.87962,-9.13734,38.73800
2,-9.10655,38.78620,2017-01-02 11:26:02,14.03,5,-7.16543,38.87962,-9.13734,38.73800
2,-9.10694,38.78627,2017-01-02 11:26:05,10.92,5,-7.16543,38.87962,-9.13734,38.73800
2,-9.10712,38.78636,2017-01-02 11:26:07,8.82,5,-7.16543,38.87962,-9.13734,38.73800
2,-9.10722,38.78654,2017-01-02 11:26:09,12.71,5,-7.16543,38.87962,-9.13734,38.73800
2,-9.10716,38.78680,2017-01-02 11:26:11,14.87,5,-7.16543,38.87962,-9.13734,38.73800
2,-9.10696,38.78702,2017-01-02 11:26:13,15.99,5,-7.16543,38.87962,-9.13734,38.73800
2,-9.10663,38.78712,2017-01-02 11:26:15,15.63,5,-7.16543,38.87962,-9.13734,38.73800
2,-9.10625,38.78706,2017-01-02 11:26:17,16.7,5,-7.16543,38.87962,-9.13734,38.73800
2,-9.10597,38.78685,2017-01-02 11:26:19,17.44,5,-7.16543,38.87962,-9.13734,38.73800
2,-9.10579,38.78636,2017-01-02 11:26:22,19.48,5,-7.16543,38.87962,-9.13734,38.73800
2,-9.10577,38.78476,2017-01-02 11:26:31,19.44,5,-7.16543,38.87962,-9.13734,38.73800
2,-9.10572,38.78387,2017-01-02 11:26:36,19.72,5,-7.16543,38.87962,-9.13734,38.73800
2,-9.10565,38.78315,2017-01-02 11:26:39,24.82,5,-7.16543,38.87962,-9.13734,38.73800
2,-9.10528,38.78070,2017-01-02 11:26:52,20.45,5,-7.16543,38.87962,-9.13734,38.73800
2,-9.10523,38.77977,2017-01-02 11:26:57,20.99,5,-7.16543,38.87962,-9.13734,38.73800
2,-9.10547,38.77806,2017-01-02 11:27:06,21.75,5,-7.16543,38.87962,-9.13734,38.73800
2,-9.10551,38.77672,2017-01-02 11:27:13,20.73,5,-7.16543,38.87962,-9.13734,38.73800
2,-9.10551,38.77511,2017-01-02 11:27:22,19.38,5,-7.16543,38.87962,-9.13734,38.73800
2,-9.10546,38.77447,2017-01-02 11:27:26,17.97,5,-7.16543,38.87962,-9.13734,38.73800
2,-9.10491,38.77284,2017-01-02 11:27:38,15.67,5,-7.16543,38.87962,-9.13734,38.73800
2,-9.10493,38.77239,2017-01-02 11:27:42,11.35,5,-7.16543,38.87962,-9.13734,38.73800
2,-9.10498,38.77201,2017-01-02 11:27:45,12.87,5,-7.16543,38.87962,-9.13734,38.73800
2,-9.10476,38.77108,2017-01-02 11:27:50,19.53,5,-7.16543,38.87962,-9.13734,38.73800
2,-9.10456,38.76952,2017-01-02 11:28:00,17.03,5,-7.16543,38.87962,-9.13734,38.73800
2,-9.10431,38.76746,2017-01-02 11:28:14,15.9,5,-7.16543,38.87962,-9.13734,38.73800
2,-9.10410,38.76534,2017-01-02 11:28:29,16.45,5,-7.16543,38.87962,-9.13734,38.73800
2,-9.10398,38.76408,2017-01-02 11:28:40,11.76,5,-7.16543,38.87962,-9.13734,38.73800
2,-9.10378,38.76277,2017-01-02 11:28:49,17.79,5,-7.16543,38.87962,-9.13734,38.73800
2,-9.10379,38.76186,2017-01-02 11:28:57,13.85,5,-7.16543,38.87962,-9.13734,38.73800
2,-9.10348,38.75894,2017-01-02 11:29:19,14.81,5,-7.16543,38.87962,-9.13734,38.73800
2,-9.10301,38.75524,2017-01-02 11:29:49,13.5,5,-7.16543,38.87962,-9.13734,38.73800
2,-9.10302,38.75444,2017-01-02 11:29:55,15.77,5,-7.16543,38.87962,-9.13734,38.73800
2,-9.10333,38.75342,2017-01-02 11:30:06,10.85,5,-7.16543,38.87962,-9.13734,38.73800
2,-9.10354,38.75296,2017-01-02 11:30:11,12.74,5,-7.16543,38.87962,-9.13734,38.73800
2,-9.10420,38.75165,2017-01-02 11:30:22,14.27,5,-7.16543,38.87962,-9.13734,38.73800
2,-9.10455,38.75100,2017-01-02 11:30:28,15.86,5,-7.16543,38.87962,-9.13734,38.73800
2,-9.10466,38.75060,2017-01-02 11:30:32,10.05,5,-7.16543,38.87962,-9.13734,38.73800
2,-9.10467,38.75041,2017-01-02 11:30:37,3.74,5,-7.16543,38.87962,-9.13734,38.73800
2,-9.10484,38.75030,2017-01-02 11:30:57,1.06,5,-7.16543,38.87962,-9.13734,38.73800
2,-9.10514,38.75023,2017-01-02 11:31:03,5.32,5,-7.16543,38.87962,-9.13734,38.73800
2,-9.10541,38.75015,2017-01-02 11:31:07,7.26,5,-7.16543,38.87962,-9.13734,38.73800
2,-9.10581,38.75000,2017-01-02 11:31:11,9.44,5,-7.16543,38.87962,-9.13734,38.73800
2,-9.10680,38.74997,2017-01-02 11:31:17,15.32,5,-7.16543,38.87962,-9.13734,38.73800
2,-9.10828,38.75007,2017-01-02 11:31:24,20.47,5,-7.16543,38.87962,-9.13734,38.73800
2,-9.11014,38.75011,2017-01-02 11:31:32,19.91,5,-7.16543,38.87962,-9.13734,38.73800
2,-9.11238,38.75005,2017-01-02 11:31:42,19.56,5,-7.16543,38.87962,-9.13734,38.73800
2,-9.11317,38.74996,2017-01-02 11:31:46,17.27,5,-7.16543,38.87962,-9.13734,38.73800
2,-9.11812,38.74889,2017-01-02 11:32:08,19.78,5,-7.16543,38.87962,-9.13734,38.73800
2,-9.12015,38.74845,2017-01-02 11:32:17,20.53,5,-7.16543,38.87962,-9.13734,38.73800
2,-9.12183,38.74810,2017-01-02 11:32:23,27.09,5,-7.16543,38.87962,-9.13734,38.73800
2,-9.12275,38.74790,2017-01-02 11:32:27,20.65,5,-7.16543,38.87962,-9.13734,38.73800
2,-9.12439,38.74710,2017-01-02 11:32:37,16.65,5,-7.16543,38.87962,-9.13734,38.73800
2,-9.12476,38.74697,2017-01-02 11:32:39,18.82,5,-7.16543,38.87962,-9.13734,38.73800
2,-9.12576,38.74691,2017-01-02 11:32:43,23.51,5,-7.16543,38.87962,-9.13734,38.73800
2,-9.12731,38.74704,2017-01-02 11:32:50,18.34,5,-7.16543,38.87962,-9.13734,38.73800
2,-9.12790,38.74738,2017-01-02 11:32:54,13.58,5,-7.16543,38.87962,-9.13734,38.73800
2,-9.12870,38.74816,2017-01-02 11:32:59,20.34,5,-7.16543,38.87962,-9.13734,38.73800
2,-9.12917,38.74854,2017-01-02 11:33:03,12.9,5,-7.16543,38.87962,-9.13734,38.73800
2,-9.12970,38.74872,2017-01-02 11:33:07,12.01,5,-7.16543,38.87962,-9.13734,38.73800
2,-9.13013,38.74883,2017-01-02 11:33:11,10.75,5,-7.16543,38.87962,-9.13734,38.73800
2,-9.13047,38.74881,2017-01-02 11:33:16,4.31,5,-7.16543,38.87962,-9.13734,38.73800
2,-9.13059,38.74883,2017-01-02 11:33:23,0.64,5,-7.16543,38.87962,-9.13734,38.73800
2,-9.13046,38.74886,2017-01-02 11:34:19,0.43,5,-7.16543,38.87962,-9.13734,38.73800
2,-9.13050,38.74887,2017-01-02 11:34:22,2.2,5,-7.16543,38.87962,-9.13734,38.73800
2,-9.13073,38.74889,2017-01-02 11:34:26,6.83,5,-7.16543,38.87962,-9.13734,38.73800
2,-9.13158,38.74889,2017-01-02 11:34:34,8.94,5,-7.16543,38.87962,-9.13734,38.73800
2,-9.13210,38.74891,2017-01-02 11:34:38,13.07,5,-7.16543,38.87962,-9.13734,38.73800
2,-9.13477,38.74906,2017-01-02 11:34:52,16.39,5,-7.16543,38.87962,-9.13734,38.73800
2,-9.13564,38.74911,2017-01-02 11:34:57,13.74,5,-7.16543,38.87962,-9.13734,38.73800
2,-9.13620,38.74914,2017-01-02 11:35:01,11.39,5,-7.16543,38.87962,-9.13734,38.73800
2,-9.13729,38.74912,2017-01-02 11:35:13,6.55,5,-7.16543,38.87962,-9.13734,38.73800
2,-9.13803,38.74923,2017-01-02 11:35:20,10.3,5,-7.16543,38.87962,-9.13734,38.73800
2,-9.13876,38.74930,2017-01-02 11:35:26,9.28,5,-7.16543,38.87962,-9.13734,38.73800
2,-9.14030,38.74935,2017-01-02 11:35:35,15.95,5,-7.16543,38.87962,-9.13734,38.73800
2,-9.14100,38.74943,2017-01-02 11:35:39,15.1,5,-7.16543,38.87962,-9.13734,38.73800
2,-9.14132,38.74946,2017-01-02 11:35:41,13.2,5,-7.16543,38.87962,-9.13734,38.73800
2,-9.14155,38.74947,2017-01-02 11:35:43,8.65,5,-7.16543,38.87962,-9.13734,38.73800
2,-9.14168,38.74936,2017-01-02 11:35:53,1.11,5,-7.16543,38.87962,-9.13734,38.73800
2,-9.14157,38.74936,2017-01-02 11:35:54,10.1,5,-7.16543,38.87962,-9.13734,38.73800
2,-9.14154,38.74939,2017-01-02 11:36:42,0.14,5,-7.16543,38.87962,-9.13734,38.73800
2,-9.14153,38.74940,2017-01-02 11:36:53,0.12,5,-7.16543,38.87962,-9.13734,38.73800
2,-9.14155,38.74940,2017-01-02 11:36:56,0.76,5,-7.16543,38.87962,-9.13734,38.73800
2,-9.14167,38.74932,2017-01-02 11:36:59,6.34,5,-7.16543,38.87962,-9.13734,38.73800
2,-9.14183,38.74911,2017-01-02 11:37:02,11.25,5,-7.16543,38.87962,-9.13734,38.73800
2,-9.14181,38.74879,2017-01-02 11:37:06,8.88,5,-7.16543,38.87962,-9.13734,38.73800
2,-9.14112,38.74764,2017-01-02 11:37:18,12.64,5,-7.16543,38.87962,-9.13734,38.73800
2,-9.14079,38.74702,2017-01-02 11:37:25,11.0,5,-7.16543,38.87962,-9.13734,38.73800
2,-9.14072,38.74690,2017-01-02 11:37:27,6.69,5,-7.16543,38.87962,-9.13734,38.73800
2,-9.14065,38.74677,2017-01-02 11:37:30,4.71,5,-7.16543,38.87962,-9.13734,38.73800
2,-9.14068,38.74683,2017-01-02 11:37:41,0.81,5,-7.16543,38.87962,-9.13734,38.73800
2,-9.14068,38.74682,2017-01-02 11:37:58,0.18,5,-7.16543,38.87962,-9.13734,38.73800
2,-9.14066,38.74677,2017-01-02 11:38:02,2.72,5,-7.16543,38.87962,-9.13734,38.73800
2,-9.14057,38.74661,2017-01-02 11:38:05,9.0,5,-7.16543,38.87962,-9.13734,38.73800
2,-9.14029,38.74607,2017-01-02 11:38:11,11.81,5,-7.16543,38.87962,-9.13734,38.73800
2,-9.13835,38.74243,2017-01-02 11:38:42,15.85,5,-7.16543,38.87962,-9.13734,38.73800
2,-9.13813,38.74201,2017-01-02 11:38:46,11.02,5,-7.16543,38.87962,-9.13734,38.73800
2,-9.13802,38.74182,2017-01-02 11:38:48,11.04,5,-7.16543,38.87962,-9.13734,38.73800
2,-9.13793,38.74165,2017-01-02 11:38:50,9.55,5,-7.16543,38.87962,-9.13734,38.73800
2,-9.13785,38.74150,2017-01-02 11:38:53,4.61,5,-7.16543,38.87962,-9.13734,38.73800
2,-9.13787,38.74154,2017-01-02 11:39:20,0.05,5,-7.16543,38.87962,-9.13734,38.73800
2,-9.13786,38.74151,2017-01-02 11:39:23,1.98,5,-7.16543,38.87962,-9.13734,38.73800
2,-9.13750,38.74065,2017-01-02 11:39:37,6.71,5,-7.16543,38.87962,-9.13734,38.73800
2,-9.13725,38.74012,2017-01-02 11:39:44,9.17,5,-7.16543,38.87962,-9.13734,38.73800
2,-9.13694,38.73898,2017-01-02 11:39:55,12.41,5,-7.16543,38.87962,-9.13734,38.73800
2,-9.13676,38.73820,2017-01-02 11:40:03,11.7,5,-7.16543,38.87962,-9.13734,38.73800
2,-9.13669,38.73790,2017-01-02 11:40:06,10.02,5,-7.16543,38.87962,-9.13734,38.73800
2,-9.13665,38.73772,2017-01-02 11:40:09,5.8,5,-7.16543,38.87962,-9.13734,38.73800
2,-9.13675,38.73765,2017-01-02 11:40:12,5.16,5,-7.16543,38.87962,-9.13734,38.73800
2,-9.13715,38.73788,2017-01-02 11:40:18,11.51,5,-7.16543,38.87962,-9.13734,38.73800
2,-9.13730,38.73798,2017-01-02 11:40:20,7.62,5,-7.16543,38.87962,-9.13734,38.73800
2,-9.13742,38.73803,2017-01-02 11:42:02,0.29,5,-7.16543,38.87962,-9.13734,38.73800
2,-9.13729,38.73797,2017-01-02 11:44:21,0.56,5,-7.16543,38.87962,-9.13734,38.73800
2,-9.13734,38.73800,2017-01-02 11:52:43,0.92,5,-7.16543,38.87962,-9.13734,38.73800
2,-9.13718,38.73792,2017-01-02 12:01:00,0.0,9,-9.13718,38.73792,-9.13982,38.72969
2,-9.13731,38.73799,2017-01-02 12:01:11,1.25,9,-9.13718,38.73792,-9.13982,38.72969
2,-9.13736,38.73801,2017-01-02 12:02:09,0.2,9,-9.13718,38.73792,-9.13982,38.72969
2,-9.13818,38.73827,2017-01-02 12:02:24,5.32,9,-9.13718,38.73792,-9.13982,38.72969
2,-9.13849,38.73829,2017-01-02 12:02:29,4.98,9,-9.13718,38.73792,-9.13982,38.72969
2,-9.13862,38.73829,2017-01-02 12:02:32,2.94,9,-9.13718,38.73792,-9.13982,38.72969
2,-9.13857,38.73826,2017-01-02 12:02:51,0.16,9,-9.13718,38.73792,-9.13982,38.72969
2,-9.13866,38.73825,2017-01-02 12:02:54,4.34,9,-9.13718,38.73792,-9.13982,38.72969
2,-9.13920,38.73831,2017-01-02 12:03:00,8.98,9,-9.13718,38.73792,-9.13982,38.72969
2,-9.14044,38.73807,2017-01-02 12:03:13,7.97,9,-9.13718,38.73792,-9.13982,38.72969
2,-9.14126,38.73800,2017-01-02 12:03:23,6.77,9,-9.13718,38.73792,-9.13982,38.72969
2,-9.14165,38.73785,2017-01-02 12:03:29,5.55,9,-9.13718,38.73792,-9.13982,38.72969
2,-9.14186,38.73783,2017-01-02 12:03:34,2.28,9,-9.13718,38.73792,-9.13982,38.72969
2,-9.14189,38.73783,2017-01-02 12:04:17,0.03,9,-9.13718,38.73792,-9.13982,38.72969
2,-9.14202,38.73781,2017-01-02 12:04:21,3.65,9,-9.13718,38.73792,-9.13982,38.72969
2,-9.14205,38.73735,2017-01-02 12:04:30,6.4,9,-9.13718,38.73792,-9.13982,38.72969
2,-9.14200,38.73708,2017-01-02 12:04:36,4.28,9,-9.13718,38.73792,-9.13982,38.72969
2,-9.14196,38.73695,2017-01-02 12:04:40,3.17,9,-9.13718,38.73792,-9.13982,38.72969
2,-9.14192,38.73688,2017-01-02 12:05:12,0.24,9,-9.13718,38.73792,-9.13982,38.72969
2,-9.14190,38.73678,2017-01-02 12:05:16,3.49,9,-9.13718,38.73792,-9.13982,38.72969
2,-9.14184,38.73657,2017-01-02 12:05:20,7.55,9,-9.13718,38.73792,-9.13982,38.72969
2,-9.14181,38.73636,2017-01-02 12:05:23,7.85,9,-9.13718,38.73792,-9.13982,38.72969
2,-9.14181,38.73618,2017-01-02 12:05:26,6.83,9,-9.13718,38.73792,-9.13982,38.72969
2,-9.14177,38.73599,2017-01-02 12:05:29,7.53,9,-9.13718,38.73792,-9.13982,38.72969
2,-9.14174,38.73585,2017-01-02 12:05:31,7.47,9,-9.13718,38.73792,-9.13982,38.72969
2,-9.14171,38.73573,2017-01-02 12:05:33,6.97,9,-9.13718,38.73792,-9.13982,38.72969
2,-9.14168,38.73559,2017-01-02 12:05:35,7.58,9,-9.13718,38.73792,-9.13982,38.72969
2,-9.14167,38.73548,2017-01-02 12:05:37,5.74,9,-9.13718,38.73792,-9.13982,38.72969
2,-9.14165,38.73538,2017-01-02 12:05:40,2.93,9,-9.13718,38.73792,-9.13982,38.72969
2,-9.14165,38.73538,2017-01-02 12:06:04,0.03,9,-9.13718,38.73792,-9.13982,38.72969
2,-9.14164,38.73530,2017-01-02 12:06:08,3.7,9,-9.13718,38.73792,-9.13982,38.72969
2,-9.14150,38.73467,2017-01-02 12:06:16,9.12,9,-9.13718,38.73792,-9.13982,38.72969
2,-9.14146,38.73448,2017-01-02 12:06:19,5.8,9,-9.13718,38.73792,-9.13982,38.72969
2,-9.14146,38.73442,2017-01-02 12:06:51,0.12,9,-9.13718,38.73792,-9.13982,38.72969
2,-9.14143,38.73431,2017-01-02 12:06:56,3.84,9,-9.13718,38.73792,-9.13982,38.72969
2,-9.14132,38.73376,2017-01-02 12:07:05,7.62,9,-9.13718,38.73792,-9.13982,38.72969
2,-9.14114,38.73285,2017-01-02 12:07:16,9.45,9,-9.13718,38.73792,-9.13982,38.72969
2,-9.14110,38.73265,2017-01-02 12:07:19,6.48,9,-9.13718,38.73792,-9.13982,38.72969
2,-9.14106,38.73247,2017-01-02 12:07:22,7.27,9,-9.13718,38.73792,-9.13982,38.72969
2,-9.14104,38.73232,2017-01-02 12:07:24,7.94,9,-9.13718,38.73792,-9.13982,38.72969
2,-9.14101,38.73214,2017-01-02 12:07:27,7.65,9,-9.13718,38.73792,-9.13982,38.72969
2,-9.14099,38.73201,2017-01-02 12:07:29,6.51,9,-9.13718,38.73792,-9.13982,38.72969
2,-9.14096,38.73187,2017-01-02 12:07:47,0.25,9,-9.13718,38.73792,-9.13982,38.72969
2,-9.14107,38.73168,2017-01-02 12:07:54,5.01,9,-9.13718,38.73792,-9.13982,38.72969
2,-9.14104,38.73150,2017-01-02 12:07:57,6.71,9,-9.13718,38.73792,-9.13982,38.72969
2,-9.14091,38.73145,2017-01-02 12:08:09,0.81,9,-9.13718,38.73792,-9.13982,38.72969
2,-9.14064,38.73065,2017-01-02 12:08:22,7.65,9,-9.13718,38.73792,-9.13982,38.72969
2,-9.14058,38.73054,2017-01-02 12:08:25,4.03,9,-9.13718,38.73792,-9.13982,38.72969
2,-9.14037,38.73060,2017-01-02 12:08:30,4.55,9,-9.13718,38.73792,-9.13982,38.72969
2,-9.13989,38.73068,2017-01-02 12:08:36,8.46,9,-9.13718,38.73792,-9.13982,38.72969
2,-9.13962,38.73072,2017-01-02 12:08:39,6.74,9,-9.13718,38.73792,-9.13982,38.72969
2,-9.13947,38.73067,2017-01-02 12:08:44,2.59,9,-9.13718,38.73792,-9.13982,38.72969
2,-9.13947,38.73010,2017-01-02 12:08:53,7.49,9,-9.13718,38.73792,-9.13982,38.72969
2,-9.13944,38.72986,2017-01-02 12:08:58,4.37,9,-9.13718,38.73792,-9.13982,38.72969
2,-9.13965,38.72971,2017-01-02 12:09:05,4.95,9,-9.13718,38.73792,-9.13982,38.72969
2,-9.13975,38.72970,2017-01-02 12:09:13,0.52,9,-9.13718,38.73792,-9.13982,38.72969
2,-9.13962,38.72992,2017-01-02 12:09:24,2.23,9,-9.13718,38.73792,-9.13982,38.72969
2,-9.13963,38.72995,2017-01-02 12:09:36,0.71,9,-9.13718,38.73792,-9.13982,38.72969
2,-9.13950,38.72985,2017-01-02 12:09:41,3.87,9,-9.13718,38.73792,-9.13982,38.72969
2,-9.13982,38.72969,2017-01-02 12:09:53,0.75,9,-9.13718,38.73792,-9.13982,38.72969
3,-9.32321,38.67646,2019-06-27 18:20:47,0.0,10,-9.32321,38.67646,-9.32346,38.67611
3,-9.32327,38.67635,2019-06-27 18:20:49,6.53,10,-9.32321,38.67646,-9.32346,38.67611
3,-9.32346,38.67611,2019-06-27 18:21:44,1.24,10,-9.32321,38.67646,-9.32346,38.67611
